1007 4658
1 9 -1
1 7 -1
10 837 1
6 777 1
4 7 1
1 837 -1
1 5 -1
1 10 -1
1 6 -1
4 777 1
6 10 1
1 8 -1
1 4 -1
1 777 -1
16 1004 -1
78 95 1
24 91 1
24 37 1
23 54 1
76 92 1
912 976 1
20 60 1
20 619 1
32 100 1
52 147 1
91 98 1
22 68 1
16 23 -1
20 39 1
70 91 1
28 76 1
79 86 1
82 88 1
99 619 1
24 88 1
19 95 1
103 371 1
41 51 1
51 79 1
76 83 1
11 41 1
23 80 1
26 55 1
70 132 1
74 94 -1
25 79 1
20 65 1
24 71 1
22 67 1
12 34 1
35 147 1
39 47 1
147 619 1
619 912 1
31 976 -1
77 84 1
37 88 1
34 79 1
37 71 1
22 70 1
76 1004 -1
69 619 1
32 39 1
76 253 1
39 51 1
11 13 1
32 60 1
31 76 1
87 88 1
64 95 1
19 51 1
15 31 1
99 253 1
36 94 -1
27 58 1
71 76 1
14 64 1
32 67 1
25 60 1
23 37 1
60 99 1
12 748 1
41 44 1
55 76 1
32 58 1
12 147 1
44 76 1
64 79 1
86 88 1
95 619 1
64 70 -1
51 976 1
50 94 -1
25 95 -1
31 35 1
91 630 1
15 44 1
22 37 1
39 95 1
44 99 1
84 91 1
37 41 1
64 78 1
51 90 1
14 47 1
11 70 1
147 976 1
65 79 1
53 70 1
25 41 -1
87 147 1
51 82 -1
20 76 1
23 76 1
34 91 1
28 95 1
90 147 1
22 71 1
69 76 1
76 102 1
60 97 1
20 88 1
47 1004 -1
28 65 1
82 99 1
57 78 1
34 37 1
46 77 1
60 84 1
18 100 1
51 619 1
32 76 1
60 76 1
97 253 1
24 41 1
34 70 1
35 82 1
76 94 -1
68 97 1
76 90 1
60 88 1
15 24 1
97 619 1
15 60 1
19 25 -1
72 100 1
50 976 1
70 95 -1
58 76 1
37 58 1
37 147 1
58 88 1
18 76 1
32 91 1
15 88 -1
12 51 1
12 82 1
11 147 1
19 976 1
17 68 1
54 1004 -1
76 87 1
50 630 1
11 630 1
76 93 1
76 98 1
93 100 1
88 147 1
77 82 1
19 82 1
39 67 1
79 253 1
32 94 -1
79 1004 -1
86 95 1
24 58 1
15 619 1
25 93 -1
24 97 1
78 253 1
31 79 1
23 70 1
20 37 1
13 36 1
34 53 1
68 103 1
17 976 1
90 976 -1
19 32 1
82 95 1
58 70 1
77 253 1
53 68 1
76 88 1
55 976 1
50 57 1
26 147 1
24 25 1
44 79 1
12 31 1
13 50 1
41 630 1
76 77 1
64 619 1
50 93 1
15 39 1
57 76 1
76 101 -1
23 35 1
57 100 1
25 37 1
78 86 1
60 86 1
37 51 1
95 132 -1
79 82 1
35 102 1
253 619 1
57 619 1
60 85 -1
976 1004 -1
11 51 1
39 82 1
70 630 1
44 630 1
47 76 1
70 86 1
91 253 1
14 76 1
36 976 1
32 79 1
51 70 1
24 147 1
56 76 1
13 93 -1
15 76 1
47 95 1
41 253 1
100 147 1
41 65 1
19 88 1
64 1004 -1
15 99 1
12 60 1
20 77 1
79 88 1
60 78 1
24 253 1
36 51 1
69 70 1
20 32 1
24 85 1
57 60 1
82 976 1
11 95 1
59 253 1
82 91 1
44 62 1
11 1004 -1
93 619 1
58 78 1
57 84 1
76 97 1
32 95 1
71 77 1
32 976 1
47 59 1
58 77 1
61 76 1
19 47 1
25 34 1
23 53 1
41 76 1
20 25 1
95 253 1
68 93 1
20 79 1
25 57 1
60 103 1
13 91 1
88 91 1
13 95 1
60 79 1
31 91 1
86 619 1
84 147 1
59 76 1
50 95 1
23 41 -1
17 24 1
58 103 1
37 64 1
71 91 1
93 95 1
13 35 1
34 147 1
34 912 1
60 77 1
55 91 1
74 371 1
44 91 1
64 88 1
35 47 1
64 71 1
37 57 1
26 86 1
68 69 1
41 78 1
94 976 -1
52 76 1
88 95 1
79 99 1
57 88 1
20 91 1
748 912 1
31 58 1
60 619 1
76 103 1
53 147 1
57 71 1
15 97 1
20 67 1
67 94 -1
97 912 1
11 36 1
70 1004 -1
11 976 1
60 91 1
76 619 1
13 976 1
65 95 1
58 619 1
76 86 1
65 912 1
15 86 1
51 84 1
20 24 1
11 31 1
91 132 1
47 976 1
87 91 1
60 70 1
24 28 1
25 51 1
58 91 1
14 92 1
43 76 1
36 1004 -1
71 74 1
67 71 1
68 147 1
37 94 -1
34 51 1
86 748 1
44 50 1
58 67 1
24 60 1
72 93 1
91 147 1
91 99 1
15 79 1
68 76 1
76 371 1
15 50 1
53 630 1
20 253 1
64 99 1
31 41 1
25 100 1
97 630 1
20 71 1
86 97 1
78 79 1
58 82 1
32 70 1
36 748 -1
50 54 1
13 88 1
24 1004 -1
60 67 1
50 60 1
25 630 -1
77 91 1
147 253 1
79 95 1
12 93 1
44 78 1
13 147 1
23 34 1
20 41 1
20 82 1
93 132 -1
24 82 1
60 132 1
44 147 1
27 76 1
36 47 1
17 91 1
22 23 1
11 76 1
41 88 1
15 78 1
37 60 1
32 1004 -1
70 84 1
46 76 1
57 97 1
11 253 1
57 77 1
82 912 1
15 55 1
41 58 1
91 748 1
24 32 1
23 102 1
51 98 1
20 147 1
39 78 1
41 46 1
51 253 1
41 99 1
15 253 -1
36 88 1
31 51 1
58 71 1
13 70 1
64 82 1
76 132 1
58 60 1
13 51 1
41 619 1
88 912 1
35 95 1
15 95 1
50 88 1
53 55 1
44 51 1
54 70 1
76 748 1
46 1004 -1
25 91 1
55 58 1
15 91 1
23 630 1
20 86 1
94 147 1
88 630 1
60 95 1
34 60 1
19 619 1
76 81 1
51 1004 -1
76 100 1
99 147 1
17 132 1
37 54 1
64 91 1
20 912 1
41 87 1
51 91 1
11 35 1
20 51 1
28 82 1
20 55 1
59 70 1
77 86 1
58 86 1
24 57 1
60 147 1
102 976 -1
15 65 1
23 100 1
32 93 1
57 91 1
51 88 1
22 95 1
43 77 1
84 93 1
20 64 1
50 76 1
51 71 1
82 1004 -1
51 87 1
34 47 1
68 91 1
24 95 1
32 88 1
34 76 1
50 65 1
65 78 1
37 95 1
86 91 1
35 50 1
25 82 1
13 53 1
51 99 1
22 78 1
13 1004 1
26 619 1
32 57 1
36 82 1
71 100 1
50 64 1
64 67 1
47 53 1
253 630 1
35 54 1
76 912 1
60 94 -1
48 76 1
24 619 1
31 1004 -1
15 1004 -1
87 976 1
71 95 1
32 47 1
15 41 1
87 619 -1
15 20 1
51 60 1
11 53 1
25 88 -1
71 1004 -1
54 76 1
147 1004 1
20 28 1
37 78 1
50 97 1
76 78 1
44 1004 -1
64 132 1
94 1004 -1
91 93 1
52 54 1
82 94 -1
41 64 1
95 99 1
70 78 1
15 912 1
25 94 -1
19 76 1
15 51 1
51 147 1
94 253 -1
41 97 1
59 71 1
25 99 -1
13 64 1
76 630 1
15 58 1
15 147 1
98 1004 -1
24 26 1
68 132 1
63 76 1
88 976 1
31 32 1
71 371 1
82 93 1
12 91 1
39 69 1
76 99 1
23 91 1
147 748 1
76 95 1
31 253 1
91 102 1
47 253 1
51 77 1
35 76 1
41 86 1
60 1004 -1
76 79 1
28 60 1
60 976 -1
13 47 1
88 619 1
93 253 1
57 58 1
57 147 1
32 82 1
39 76 1
31 630 1
44 976 1
25 147 1
19 630 1
43 71 1
65 88 1
11 68 1
77 100 1
32 37 1
11 619 1
13 76 1
44 88 1
65 76 1
13 20 1
76 976 1
88 1004 1
24 44 1
64 147 1
58 94 -1
32 44 1
64 912 1
25 97 -1
31 57 1
15 64 1
70 90 1
52 976 1
36 60 1
16 76 1
72 76 1
32 71 1
87 1004 -1
76 82 1
23 132 1
32 77 1
35 630 1
31 47 1
60 82 1
51 57 1
102 132 1
71 93 1
93 147 1
37 76 1
26 65 1
31 147 1
78 91 1
15 36 1
47 94 1
57 64 1
86 147 1
13 23 1
41 79 1
56 91 1
12 76 1
22 47 1
15 82 1
50 91 1
15 28 1
25 1004 -1
70 88 1
20 47 1
51 64 1
67 76 1
47 69 1
88 253 1
50 132 1
11 23 1
90 132 1
76 91 1
94 371 -1
26 76 1
76 80 1
74 76 1
11 102 1
14 253 1
37 50 1
35 67 1
22 76 1
22 32 1
91 95 1
64 100 1
79 619 1
60 93 1
37 1004 -1
54 67 1
28 97 1
41 91 1
79 91 1
65 97 1
54 91 1
58 147 1
62 76 1
41 67 1
67 79 1
77 94 -1
47 147 1
11 86 1
24 76 1
79 94 -1
91 619 -1
11 50 1
47 91 1
37 52 1
31 95 1
72 77 1
24 79 1
13 69 1
70 76 1
57 1004 -1
12 912 1
19 91 1
23 1004 -1
78 94 -1
88 99 1
75 76 1
78 82 1
35 70 1
53 54 1
24 65 1
45 76 1
14 88 1
19 94 1
13 15 1
66 76 1
60 65 1
35 91 1
24 34 1
65 99 1
94 95 -1
50 912 1
79 97 1
90 1004 1
70 97 1
25 84 1
76 84 1
41 132 1
47 748 1
23 50 1
34 84 1
23 51 1
31 44 1
11 19 1
51 102 1
37 79 1
17 76 1
51 76 1
22 54 1
76 147 1
91 976 1
70 79 1
53 76 1
82 619 1
31 60 1
20 95 1
78 147 1
19 748 1
41 95 1
50 51 1
58 79 1
56 147 1
23 25 -1
39 91 1
32 253 1
50 147 1
91 1004 -1
13 68 1
97 99 1
47 64 1
37 91 1
31 87 1
78 99 1
31 90 1
11 91 1
25 76 1
19 147 1
48 100 1
17 19 1
90 91 1
95 147 1
64 76 1
51 54 1
36 39 1
76 85 1
13 619 1
30 76 1
36 91 1
51 78 1
41 147 1
26 91 1
41 912 1
37 68 1
16 132 -1
24 77 1
64 253 1
20 44 1
34 100 1
32 51 1
39 147 1
35 53 1
87 748 -1
253 1004 1
84 86 1
36 76 1
44 87 1
104 107 1
106 107 1
104 106 1
104 109 1
104 108 1
105 108 1
108 109 1
105 107 1
106 109 1
106 108 1
107 108 1
107 109 1
105 109 1
105 106 1
110 111 1
114 115 1
113 115 1
112 113 1
112 114 1
112 115 1
113 114 1
116 117 1
118 119 1
120 121 1
122 123 1
124 125 1
135 143 1
128 130 1
130 143 1
127 143 1
133 143 1
134 143 1
130 133 1
141 143 1
126 135 1
127 139 1
131 132 1
127 129 1
129 143 1
138 143 1
127 132 1
135 141 1
126 143 1
142 143 1
137 143 1
131 143 1
129 133 1
128 143 1
132 143 1
136 143 1
140 143 1
127 133 1
126 128 1
130 137 1
139 143 1
126 139 1
145 346 1
147 154 1
153 154 1
147 150 1
151 152 1
146 189 1
147 189 1
148 152 1
146 154 1
151 154 1
148 154 1
154 189 1
152 154 1
150 154 1
150 153 1
155 156 1
157 158 1
157 159 -1
157 160 -1
158 159 1
174 213 1
199 207 1
199 213 1
168 211 1
215 1001 1
179 229 1
174 1005 1
174 429 1
171 194 1
165 197 1
221 223 1
175 214 1
191 211 1
171 207 1
167 231 1
161 171 1
170 174 1
171 174 1
162 197 1
211 215 1
218 219 1
175 215 1
171 180 1
179 223 1
216 1004 1
215 221 1
164 909 1
162 175 1
174 187 1
163 223 1
171 203 1
184 202 1
184 193 1
909 1001 -1
193 221 1
164 230 1
168 909 1
171 204 1
203 226 1
171 209 1
171 1004 1
171 199 1
163 1005 1
171 176 1
215 909 -1
1001 1002 1
197 216 1
216 266 1
168 171 1
171 205 1
190 1005 -1
171 220 1
175 226 1
228 429 1
174 218 1
171 197 1
182 221 1
171 1005 1
174 196 1
199 1004 1
171 211 1
215 223 1
176 429 1
164 168 1
171 172 1
174 175 1
174 210 1
211 226 1
171 1001 1
171 202 1
171 193 1
171 223 1
171 1002 1
214 429 1
176 1001 1
190 204 1
171 266 1
171 185 1
171 181 1
175 190 1
171 213 1
164 1005 1
184 190 1
164 204 1
189 226 1
199 223 1
164 266 1
166 171 1
171 231 1
164 1004 1
174 219 1
193 1002 1
172 1001 -1
191 223 1
168 203 1
171 429 1
164 184 1
168 209 1
164 216 1
203 211 1
179 185 1
190 193 1
190 223 1
193 202 1
164 171 1
171 218 1
171 196 1
174 216 1
215 1005 -1
185 202 1
171 772 1
204 1004 -1
215 1002 1
180 230 1
181 909 1
181 229 1
171 175 1
189 229 1
210 214 1
429 772 1
226 429 -1
165 204 1
161 223 1
164 185 1
190 229 1
211 1004 1
171 210 1
175 199 1
184 209 1
214 1004 -1
165 171 1
171 212 1
231 1004 1
176 210 1
266 1004 1
175 1004 1
202 211 1
171 188 1
171 230 1
189 214 1
168 175 1
182 223 1
174 220 1
189 199 1
168 184 1
197 211 1
223 1001 1
909 1002 -1
165 1005 1
175 197 1
175 1005 1
191 203 1
197 1004 1
193 1004 -1
175 266 1
174 189 1
162 168 1
211 223 1
175 223 1
164 165 1
190 1001 1
171 201 1
221 1002 1
171 206 1
174 221 1
189 202 1
1004 1005 -1
176 909 -1
171 219 1
189 204 1
174 200 1
181 1004 1
189 1002 1
190 211 1
165 909 1
185 189 1
181 1005 1
191 266 1
181 1002 1
175 429 1
909 1004 -1
162 174 1
223 1002 1
189 223 1
174 197 1
164 211 1
164 175 1
174 214 1
174 179 1
174 201 1
193 266 1
213 909 1
175 231 1
171 187 1
223 1005 1
181 429 1
171 182 1
202 227 1
174 208 1
164 197 1
171 189 1
209 213 1
203 1004 -1
203 215 1
175 210 1
171 173 1
164 181 1
168 215 1
189 203 1
167 171 1
171 216 1
176 1004 -1
164 189 1
171 221 1
181 231 1
266 909 -1
171 200 1
203 223 1
218 220 1
162 171 1
171 217 1
161 197 1
161 1002 1
171 179 1
213 1004 1
175 228 1
163 171 1
171 192 1
171 191 1
162 165 1
909 1005 -1
214 215 1
197 266 1
213 1005 1
213 1002 1
178 1005 1
171 228 1
171 184 1
171 214 1
168 197 1
197 1005 1
213 223 1
190 909 -1
171 215 1
171 178 1
165 181 1
165 429 1
174 217 1
226 266 1
215 429 1
216 226 1
185 1004 -1
197 429 1
164 214 1
185 191 1
174 199 1
189 1001 1
175 189 1
211 429 1
171 226 1
182 1004 -1
174 176 1
213 429 1
173 175 1
171 229 1
1001 1004 -1
171 208 1
171 183 1
167 1004 -1
184 909 1
197 231 1
167 229 -1
174 209 1
171 227 1
171 190 1
203 214 1
168 174 1
164 229 1
772 1004 -1
168 204 1
170 171 1
167 181 1
204 228 1
164 223 1
226 1005 -1
179 266 1
181 189 1
163 199 1
173 188 1
171 909 1
184 194 1
232 233 1
249 858 -1
241 251 1
240 247 1
237 239 1
237 248 1
242 244 1
234 241 1
235 239 1
242 250 1
241 247 1
239 247 1
240 248 1
244 249 1
238 239 1
237 241 1
241 244 1
248 249 1
244 246 1
234 239 1
238 247 1
234 244 1
244 251 1
235 237 1
235 248 -1
241 242 1
244 247 1
238 248 1
247 250 -1
238 240 1
237 242 1
237 244 1
235 249 1
249 251 1
238 251 1
234 237 1
236 239 -1
242 251 -1
244 248 1
237 251 1
241 249 1
239 249 1
235 251 1
235 246 1
235 241 1
248 251 -1
234 235 1
239 251 1
238 244 1
242 249 1
238 242 1
237 249 1
246 249 1
249 387 -1
247 248 1
238 249 1
235 247 1
239 244 1
235 244 1
236 249 -1
237 246 1
242 247 1
247 249 1
234 249 1
239 248 1
240 249 1
247 387 -1
250 387 1
249 250 -1
239 241 1
239 242 1
235 250 1
237 247 1
235 238 1
255 256 -1
256 257 1
252 256 1
254 256 1
253 256 1
256 258 1
260 261 1
259 261 1
268 274 1
271 974 1
267 268 1
268 272 1
268 273 1
271 995 1
268 275 1
268 269 1
268 974 1
268 271 1
273 995 1
264 268 1
262 264 1
268 995 1
266 268 1
274 995 1
265 268 1
262 268 1
276 278 1
277 278 1
276 277 1
279 280 -1
282 285 1
281 283 1
281 284 1
283 285 1
281 285 1
281 282 1
284 285 1
286 551 1
290 291 -1
292 333 1
289 333 1
289 292 1
290 292 1
290 333 1
289 290 1
296 297 1
297 298 1
293 297 1
294 297 1
295 297 1
299 300 1
306 740 1
304 740 1
304 307 1
304 309 1
304 305 1
304 306 1
303 304 1
301 302 1
302 304 1
301 304 1
346 958 1
328 337 1
317 958 1
328 386 1
319 328 1
311 328 1
328 331 1
332 335 1
334 338 1
335 958 1
328 338 1
327 346 1
337 343 1
328 350 -1
314 317 1
311 334 1
334 347 1
328 343 1
320 346 1
316 333 1
331 333 1
334 339 1
317 341 1
328 333 1
314 335 1
328 330 1
328 334 1
316 327 1
337 339 1
328 348 1
313 328 -1
328 339 1
316 328 1
310 339 1
315 328 -1
328 958 1
316 320 1
328 336 1
323 328 1
328 351 1
339 386 1
328 335 1
320 958 -1
329 346 1
314 328 1
332 334 1
333 958 1
386 958 1
332 339 1
321 328 1
334 958 1
328 341 1
326 958 -1
328 342 1
337 386 1
312 328 1
316 346 1
324 328 -1
320 328 1
328 332 1
328 346 1
325 328 1
328 329 1
314 334 1
326 328 1
332 958 1
328 349 1
343 346 1
320 335 1
311 346 1
328 340 1
317 328 1
328 345 1
327 328 1
321 346 1
311 343 1
339 346 1
310 328 1
328 347 1
328 344 1
353 354 1
352 353 1
355 356 1
357 358 1
359 360 1
361 362 1
364 380 1
375 387 -1
380 403 1
380 386 1
378 394 -1
380 406 1
380 392 1
380 381 1
380 390 1
374 380 1
380 407 -1
368 403 1
380 398 -1
380 400 1
392 395 1
380 404 1
380 399 1
386 392 1
380 402 1
380 401 1
378 380 -1
378 392 1
380 382 1
371 380 -1
380 1002 1
365 380 1
380 397 -1
368 384 1
393 1002 1
368 387 1
378 403 1
380 391 1
379 380 1
379 387 -1
392 398 1
380 553 -1
366 380 1
380 394 -1
380 405 -1
380 385 -1
363 395 1
380 396 1
367 380 1
378 393 1
376 380 1
392 399 1
380 387 -1
365 381 1
363 380 1
387 390 -1
393 396 1
380 393 1
381 392 1
381 387 1
378 402 -1
392 1002 1
368 385 1
370 380 1
373 380 1
380 388 1
371 405 -1
380 383 -1
368 380 1
380 395 1
380 408 1
381 405 1
369 380 1
393 403 1
377 380 1
380 384 1
402 1002 1
369 383 -1
387 392 1
375 380 1
378 383 -1
368 378 1
392 400 1
409 410 1
411 418 1
415 418 1
415 417 1
417 418 1
412 418 1
413 414 1
412 415 1
413 418 1
416 418 1
414 418 1
419 420 1
433 436 -1
429 434 1
428 435 -1
424 440 -1
424 437 1
424 435 -1
421 424 1
428 433 -1
421 428 1
426 718 1
441 718 1
424 432 1
424 428 1
424 430 1
433 437 -1
421 433 -1
424 434 1
424 837 1
426 429 1
434 438 1
429 441 -1
424 433 -1
438 440 1
423 424 1
424 439 1
424 441 1
424 426 -1
424 436 1
424 438 1
430 432 1
424 718 1
424 429 1
431 718 1
424 431 1
424 851 -1
432 837 1
444 816 1
443 444 1
446 816 -1
447 816 -1
444 447 1
446 447 -1
444 445 1
444 446 1
448 449 1
451 452 1
451 454 1
452 453 1
451 455 1
450 453 1
450 452 1
453 454 1
450 454 1
450 455 1
453 455 1
452 455 1
452 454 1
450 451 1
454 455 1
456 457 1
459 461 1
458 460 1
459 460 1
460 461 1
458 459 1
458 461 1
462 463 1
466 467 1
465 467 1
464 467 -1
528 541 1
535 542 1
513 514 1
503 509 1
503 542 1
503 562 1
518 520 1
485 556 1
522 565 1
474 549 1
536 570 1
492 499 1
505 570 1
512 556 1
501 518 1
561 725 1
513 519 1
474 563 1
486 562 1
541 558 1
519 563 1
483 536 1
536 560 1
488 501 1
469 533 1
489 560 1
554 555 1
502 567 1
515 558 1
512 523 1
502 518 1
483 499 1
511 545 1
544 565 1
538 554 1
501 536 1
474 482 1
485 488 1
495 556 1
478 567 1
527 542 1
475 567 1
469 491 1
493 495 1
506 513 1
468 511 1
535 543 1
518 535 1
480 544 1
499 501 1
502 543 1
511 550 1
548 557 1
489 542 1
492 524 1
505 510 1
485 513 1
523 537 1
489 506 1
484 488 1
563 570 1
503 520 1
488 511 1
509 523 1
473 491 1
504 536 1
523 541 1
491 553 1
500 501 1
510 565 1
537 558 1
495 505 1
518 529 1
482 560 1
524 537 1
491 540 1
522 740 1
501 512 1
525 563 1
472 567 1
523 560 1
533 561 1
502 503 1
537 541 1
492 556 1
518 521 1
485 558 1
514 543 1
495 512 1
483 567 1
522 545 1
535 549 1
511 519 1
487 545 1
515 537 1
503 549 1
478 725 1
535 563 1
478 508 1
492 544 1
478 568 1
503 563 1
468 478 1
475 568 1
526 536 1
491 545 1
522 567 1
504 1002 1
544 570 1
486 563 1
482 504 1
468 491 1
513 531 1
488 522 1
522 538 1
529 558 1
543 556 1
478 541 1
501 506 1
475 555 1
527 549 1
513 524 1
526 544 1
493 543 1
480 504 1
488 503 1
565 740 1
512 518 1
527 563 1
503 508 1
522 524 1
556 565 1
541 560 1
519 725 1
505 567 1
501 544 1
468 474 1
513 521 1
482 501 1
510 536 1
468 519 1
472 568 1
477 1002 1
524 557 1
475 562 1
474 489 1
513 568 1
504 513 1
512 542 1
482 526 1
505 543 1
505 512 1
484 511 1
472 514 1
555 740 1
532 536 1
491 499 1
555 556 1
474 520 1
491 519 1
496 513 1
506 568 1
519 520 1
499 512 1
483 514 1
499 516 1
511 529 1
516 519 1
504 541 1
508 550 1
506 522 1
468 570 1
486 557 1
472 562 1
513 565 1
475 554 1
513 527 1
475 485 1
474 499 1
487 529 1
509 552 1
474 519 1
499 519 1
501 1002 1
483 568 1
491 501 1
478 485 1
511 531 1
474 557 1
509 562 1
488 550 1
505 568 1
500 513 1
501 516 1
495 1002 1
482 495 1
516 524 1
530 570 1
504 554 1
545 564 1
485 491 1
511 524 1
504 521 1
492 558 1
570 740 1
520 570 1
555 565 1
512 524 1
558 565 1
478 484 1
474 501 1
511 528 1
514 554 1
468 535 1
550 564 1
480 495 1
474 529 1
492 542 1
511 568 1
484 491 1
489 557 1
503 511 1
499 570 1
515 542 1
519 570 1
483 554 1
486 489 1
478 518 1
474 521 1
478 556 1
533 536 1
496 511 1
468 541 1
517 555 1
518 1002 1
516 544 1
506 512 1
520 535 1
513 552 1
517 519 1
522 531 1
474 484 1
487 531 1
511 513 1
501 509 1
501 542 1
484 519 1
468 527 1
472 552 1
486 500 1
515 525 1
485 554 1
501 520 1
527 550 1
473 546 1
498 565 1
490 555 1
543 555 1
482 567 1
494 548 1
475 488 1
520 541 1
474 500 1
521 522 1
509 532 1
512 560 1
502 513 1
518 519 1
524 536 1
532 541 1
489 550 1
491 524 1
537 565 1
543 547 1
501 525 1
475 489 1
501 502 1
504 522 1
543 1002 1
487 504 1
482 543 1
491 528 1
483 552 1
506 509 1
472 550 1
545 558 1
501 535 1
542 555 1
504 508 1
491 503 1
472 538 1
503 516 1
509 518 1
518 542 1
483 535 1
525 555 1
474 528 1
536 558 1
474 522 1
478 558 1
475 558 1
515 549 1
483 488 1
522 527 1
488 542 1
496 516 1
508 562 1
489 519 1
523 552 1
501 541 1
522 557 1
482 524 1
515 563 1
501 529 1
520 537 1
503 519 1
499 543 1
482 568 1
484 549 1
558 569 1
536 542 1
491 512 1
514 515 1
505 509 1
513 516 1
483 538 1
483 489 1
485 541 1
474 496 1
523 568 1
496 519 1
511 522 1
501 549 1
501 540 1
499 542 1
472 500 1
511 535 1
474 507 1
513 556 1
502 511 1
510 529 1
472 558 1
493 513 1
508 515 1
506 1002 1
507 557 1
484 541 1
529 554 1
511 567 1
483 558 1
506 528 1
503 570 1
482 1002 1
493 557 1
541 552 1
507 511 1
512 550 1
518 541 1
501 508 1
506 558 1
496 570 1
505 513 1
533 544 1
512 538 1
495 725 1
476 553 1
483 548 1
468 495 1
560 740 1
485 515 1
512 565 1
510 514 1
508 532 1
478 545 1
555 560 1
522 535 1
528 554 1
557 725 1
500 515 1
527 531 1
503 535 1
469 543 1
502 522 1
491 515 1
500 554 1
474 486 1
505 558 1
488 563 1
477 501 1
536 556 1
501 515 1
536 549 1
512 519 1
495 520 1
524 527 1
504 531 1
496 535 1
517 568 1
491 502 1
483 505 1
475 478 1
550 560 1
488 555 1
503 541 1
502 516 1
487 570 1
493 511 1
508 518 1
478 491 1
486 531 1
475 491 1
538 560 1
468 492 1
514 517 1
493 498 1
528 531 1
544 556 1
504 527 1
495 499 1
503 527 1
500 502 1
477 484 1
472 524 1
515 550 1
496 527 1
486 570 1
480 508 1
476 558 1
519 550 1
478 503 1
472 521 1
548 1002 1
529 537 1
505 508 1
512 521 1
519 567 1
505 511 1
508 536 1
474 475 1
491 555 1
482 525 1
472 478 1
536 565 1
475 519 1
491 526 1
485 510 1
483 531 1
511 554 1
520 549 1
526 568 1
472 504 1
499 508 1
486 525 1
504 528 1
518 555 1
485 501 1
472 491 1
526 552 1
523 556 1
468 543 1
475 570 1
489 531 1
485 495 1
520 567 1
514 526 1
483 491 1
483 521 1
493 522 1
487 493 1
488 500 1
486 503 1
506 560 1
508 509 1
472 474 1
507 544 1
483 504 1
472 519 1
522 523 1
499 515 1
500 536 1
520 543 1
484 495 1
514 525 1
527 528 1
491 536 1
474 483 1
510 552 1
500 541 1
478 523 1
471 491 1
508 524 1
543 568 1
502 1002 1
517 520 1
492 501 1
512 531 1
477 503 1
521 523 1
495 552 1
537 556 1
522 725 1
491 569 1
495 518 1
506 519 1
485 518 1
476 485 1
472 489 1
562 563 1
532 552 1
512 522 1
491 554 1
542 554 1
482 558 1
514 555 1
468 500 1
516 554 1
529 560 1
506 508 1
488 510 1
493 542 1
548 561 1
512 568 1
485 505 1
484 492 1
523 558 1
469 508 1
483 570 1
508 544 1
483 511 1
505 519 1
501 543 1
482 508 1
474 523 1
472 525 1
502 527 1
519 554 1
475 541 1
496 512 1
550 569 1
521 1002 1
531 560 1
485 543 1
506 541 1
483 525 1
484 505 1
495 503 1
482 488 1
489 502 1
472 535 1
560 568 1
524 560 1
474 537 1
482 541 1
520 525 1
484 544 1
552 567 1
509 557 1
521 560 1
473 545 1
518 567 1
484 543 1
482 515 1
500 506 1
487 560 1
514 560 1
491 506 1
501 565 1
493 564 1
504 560 1
472 541 1
500 544 1
554 570 1
515 555 1
485 524 1
502 525 1
543 552 1
482 491 1
517 536 1
475 725 1
492 528 1
531 532 1
472 527 1
505 525 1
478 504 1
492 504 1
492 503 1
474 555 1
484 524 1
538 567 1
509 521 1
488 526 1
517 544 1
491 497 1
503 536 1
474 480 1
540 542 1
492 496 1
501 569 1
548 725 1
480 557 1
493 527 1
535 554 1
524 552 1
516 541 1
510 511 1
522 1002 1
514 530 1
552 568 1
526 531 1
518 568 1
518 565 1
528 543 1
491 514 1
501 507 1
488 525 1
511 560 1
489 493 1
480 511 1
491 500 1
484 506 1
521 525 1
482 510 1
503 543 1
500 516 1
505 527 1
474 515 1
474 504 1
476 564 1
520 545 1
527 554 1
491 564 1
478 515 1
508 520 1
504 557 1
550 568 1
526 558 1
482 503 1
511 517 1
504 526 1
518 523 1
493 558 1
472 477 1
538 568 1
487 515 1
503 523 1
545 550 1
504 511 1
502 545 1
508 565 1
483 556 1
488 520 1
483 562 1
475 510 1
555 570 1
478 501 1
468 513 1
483 493 1
512 516 1
511 543 1
510 521 1
541 563 1
488 546 1
533 548 1
495 567 1
514 524 1
523 536 1
478 495 1
475 495 1
508 557 1
515 570 1
491 510 1
515 522 1
526 527 1
535 560 1
501 555 1
492 510 1
513 520 1
511 526 1
491 520 1
500 555 1
475 1002 1
537 544 1
511 562 1
483 725 1
493 740 1
501 522 1
491 546 1
474 510 1
545 549 1
496 536 1
535 541 1
492 502 1
495 519 1
499 513 1
472 495 1
521 545 1
510 527 1
515 535 1
491 517 1
493 512 1
508 521 1
510 557 1
486 532 1
527 558 1
484 530 1
483 495 1
484 1002 1
500 535 1
529 541 1
485 520 1
482 565 1
495 506 1
488 521 1
491 543 1
474 517 1
478 505 1
532 557 1
478 542 1
552 740 1
510 570 1
516 543 1
521 567 1
552 556 1
500 545 1
478 526 1
518 522 1
486 518 1
545 547 1
478 543 1
515 540 1
475 543 1
536 561 1
475 533 1
505 561 1
474 543 1
556 560 1
499 554 1
545 556 1
488 491 1
519 543 1
482 555 1
511 520 1
485 557 1
524 563 1
502 526 1
498 520 1
488 552 1
495 554 1
522 536 1
489 500 1
484 513 1
505 522 1
550 556 1
504 533 1
488 547 1
528 530 1
517 570 1
504 544 1
491 525 1
474 526 1
492 493 1
475 525 1
519 526 1
499 522 1
499 511 1
488 556 1
516 525 1
484 557 1
478 524 1
519 562 1
471 476 1
485 529 1
472 543 1
504 532 1
482 492 1
501 567 1
469 561 1
521 568 1
474 525 1
483 543 1
519 525 1
483 533 1
482 570 1
485 521 1
492 505 1
476 505 1
474 565 1
468 486 1
515 536 1
484 525 1
504 523 1
516 518 1
517 535 1
552 558 1
507 545 1
518 558 1
558 740 1
487 520 1
516 555 1
478 506 1
492 568 1
502 524 1
490 504 1
475 506 1
512 558 1
478 563 1
484 521 1
478 544 1
513 528 1
483 518 1
504 507 1
516 536 1
491 568 1
492 514 1
483 524 1
526 556 1
519 522 1
503 513 1
523 1002 1
528 557 1
555 563 1
511 530 1
472 549 1
550 558 1
557 568 1
514 570 1
520 565 1
472 563 1
510 544 1
543 554 1
478 560 1
514 537 1
503 557 1
501 568 1
528 563 1
541 543 1
538 558 1
524 529 1
491 513 1
511 518 1
491 560 1
510 532 1
475 545 1
482 522 1
527 543 1
510 556 1
501 514 1
516 560 1
507 519 1
502 565 1
521 524 1
532 544 1
558 560 1
493 546 1
520 555 1
504 529 1
485 522 1
525 535 1
483 563 1
518 536 1
535 565 1
510 523 1
529 556 1
474 560 1
503 554 1
519 560 1
509 545 1
488 536 1
501 533 1
487 491 1
484 522 1
525 541 1
484 508 1
555 1002 1
518 544 1
487 508 1
529 565 1
492 520 1
485 507 1
474 488 1
560 1002 1
522 529 1
535 555 1
508 561 1
499 536 1
510 512 1
515 541 1
487 552 1
468 531 1
495 507 1
474 487 1
524 556 1
521 565 1
520 564 1
491 516 1
502 507 1
500 504 1
505 544 1
504 542 1
560 570 1
491 552 1
482 518 1
521 556 1
492 500 1
491 518 1
482 516 1
489 565 1
473 493 1
501 537 1
541 555 1
519 530 1
484 515 1
529 555 1
490 502 1
482 512 1
556 568 1
474 491 1
475 557 1
509 519 1
525 560 1
527 555 1
478 550 1
487 554 1
503 740 1
478 510 1
488 533 1
478 538 1
520 527 1
535 545 1
522 568 1
535 557 1
503 545 1
503 522 1
526 542 1
475 513 1
468 528 1
491 566 1
502 557 1
491 538 1
474 556 1
487 503 1
500 543 1
514 516 1
557 740 1
473 512 1
495 517 1
556 557 1
524 544 1
529 570 1
503 550 1
478 557 1
531 558 1
512 514 1
491 570 1
513 541 1
520 522 1
518 537 1
510 558 1
498 553 1
483 545 1
478 519 1
506 536 1
488 535 1
503 538 1
472 520 1
529 535 1
480 550 1
488 537 1
518 570 1
495 543 1
482 536 1
519 549 1
510 542 1
483 550 1
523 740 1
484 509 1
472 513 1
521 535 1
490 556 1
505 541 1
558 568 1
518 525 1
495 542 1
523 524 1
490 493 1
523 545 1
493 545 1
491 535 1
472 557 1
487 541 1
495 526 1
478 521 1
470 491 1
499 541 1
532 542 1
500 570 1
498 545 1
523 550 1
514 529 1
494 524 1
537 545 1
489 511 1
491 541 1
488 523 1
521 561 1
476 543 1
475 511 1
523 538 1
501 528 1
503 506 1
472 554 1
535 556 1
512 520 1
526 563 1
501 558 1
502 556 1
542 549 1
506 507 1
511 558 1
483 501 1
492 511 1
505 557 1
519 523 1
472 484 1
474 536 1
500 561 1
542 567 1
509 567 1
506 554 1
511 570 1
474 516 1
493 554 1
540 549 1
541 550 1
508 555 1
547 561 1
514 1002 1
510 563 1
500 522 1
480 725 1
538 541 1
503 529 1
478 522 1
542 543 1
533 542 1
475 522 1
522 547 1
515 565 1
495 563 1
482 537 1
526 543 1
483 484 1
501 511 1
529 536 1
504 740 1
532 563 1
493 536 1
544 740 1
505 521 1
485 523 1
489 516 1
503 531 1
520 536 1
520 560 1
525 543 1
504 545 1
477 491 1
490 558 1
495 560 1
503 524 1
482 530 1
484 523 1
472 522 1
542 568 1
545 553 1
491 492 1
504 550 1
474 570 1
499 560 1
507 508 1
504 567 1
472 503 1
490 542 1
553 564 1
480 519 1
523 529 1
483 522 1
483 487 1
503 528 1
550 553 1
542 545 1
503 568 1
504 538 1
514 542 1
503 504 1
491 537 1
517 565 1
496 528 1
503 558 1
488 562 1
474 492 1
516 537 1
492 519 1
563 567 1
495 515 1
500 510 1
523 531 1
501 560 1
508 541 1
489 570 1
483 503 1
485 555 1
495 530 1
474 535 1
504 519 1
503 565 1
476 498 1
543 563 1
501 552 1
483 496 1
533 563 1
541 554 1
482 502 1
501 740 1
521 536 1
523 565 1
522 554 1
506 529 1
493 507 1
484 555 1
508 567 1
501 519 1
520 526 1
475 561 1
489 536 1
484 560 1
515 538 1
468 510 1
556 558 1
504 506 1
474 527 1
478 552 1
510 550 1
549 568 1
511 512 1
518 560 1
504 537 1
529 1002 1
482 529 1
495 550 1
501 538 1
476 491 1
514 549 1
495 510 1
523 527 1
495 538 1
518 552 1
501 570 1
482 521 1
555 569 1
518 740 1
473 564 1
492 535 1
521 541 1
476 740 1
488 532 1
532 538 1
487 543 1
502 517 1
502 509 1
501 526 1
535 570 1
518 545 1
510 519 1
505 552 1
472 502 1
506 515 1
472 531 1
542 740 1
484 550 1
489 533 1
518 550 1
500 547 1
499 552 1
508 514 1
503 560 1
541 570 1
492 527 1
472 475 1
488 518 1
518 538 1
535 536 1
501 548 1
561 565 1
527 570 1
496 560 1
480 496 1
504 524 1
529 530 1
505 550 1
480 500 1
513 560 1
531 562 1
468 533 1
500 568 1
503 514 1
501 527 1
504 568 1
543 550 1
533 550 1
474 512 1
513 542 1
523 535 1
500 514 1
538 543 1
502 523 1
472 483 1
491 562 1
496 504 1
511 1002 1
528 542 1
504 562 1
515 531 1
526 557 1
485 531 1
506 518 1
468 568 1
542 558 1
524 550 1
493 528 1
506 552 1
502 529 1
493 503 1
477 492 1
468 490 1
505 517 1
521 543 1
512 570 1
515 521 1
501 531 1
510 568 1
474 562 1
485 514 1
472 505 1
504 515 1
506 535 1
496 526 1
557 562 1
520 568 1
510 522 1
542 561 1
472 523 1
503 505 1
495 555 1
545 555 1
501 521 1
490 520 1
486 515 1
504 510 1
503 510 1
469 500 1
499 568 1
509 511 1
501 504 1
544 567 1
519 568 1
503 512 1
489 562 1
478 555 1
488 544 1
495 568 1
490 499 1
515 527 1
469 548 1
496 510 1
521 529 1
493 523 1
515 557 1
513 563 1
502 568 1
475 560 1
492 495 1
508 529 1
518 531 1
484 527 1
510 513 1
495 496 1
480 538 1
506 524 1
488 508 1
511 525 1
546 564 1
474 1002 1
496 532 1
519 1002 1
493 537 1
549 555 1
508 740 1
501 557 1
549 558 1
504 535 1
490 501 1
522 543 1
519 544 1
531 536 1
502 504 1
522 555 1
519 533 1
491 558 1
495 501 1
504 518 1
472 560 1
505 524 1
483 555 1
485 546 1
541 562 1
522 526 1
500 725 1
483 560 1
500 508 1
491 509 1
491 542 1
484 520 1
492 570 1
504 505 1
487 513 1
504 514 1
474 518 1
513 515 1
522 525 1
496 567 1
520 552 1
509 510 1
517 1002 1
518 557 1
473 565 1
474 509 1
472 515 1
484 502 1
524 531 1
514 565 1
515 528 1
492 543 1
486 499 1
527 536 1
496 543 1
514 532 1
555 568 1
500 528 1
535 1002 1
502 552 1
503 1002 1
520 556 1
468 504 1
543 570 1
554 560 1
544 562 1
502 510 1
537 543 1
493 504 1
508 511 1
552 557 1
499 557 1
545 565 1
488 489 1
524 568 1
511 536 1
506 531 1
493 553 1
542 550 1
484 529 1
532 562 1
482 545 1
483 500 1
519 556 1
531 544 1
500 557 1
485 499 1
490 503 1
476 555 1
527 1002 1
521 530 1
496 568 1
469 474 1
475 526 1
488 565 1
529 552 1
506 521 1
533 541 1
515 544 1
478 482 1
509 525 1
491 549 1
550 557 1
490 496 1
557 567 1
491 567 1
485 500 1
491 563 1
521 544 1
487 496 1
476 551 1
521 552 1
538 557 1
472 510 1
500 511 1
509 526 1
515 556 1
509 535 1
475 529 1
522 560 1
491 511 1
468 489 1
536 555 1
515 523 1
484 547 1
501 532 1
491 508 1
498 564 1
509 541 1
501 556 1
541 542 1
478 514 1
482 483 1
495 562 1
482 557 1
488 540 1
519 558 1
514 518 1
501 523 1
485 511 1
474 508 1
506 511 1
508 519 1
493 532 1
512 515 1
488 514 1
485 565 1
498 550 1
515 560 1
516 567 1
482 511 1
483 517 1
491 522 1
510 554 1
482 485 1
495 536 1
514 536 1
514 522 1
525 527 1
504 558 1
500 560 1
543 558 1
522 552 1
523 555 1
524 535 1
499 514 1
509 537 1
474 568 1
500 503 1
476 562 1
493 518 1
482 484 1
515 519 1
508 570 1
517 523 1
522 562 1
504 530 1
491 557 1
544 552 1
500 519 1
472 533 1
520 531 1
505 556 1
522 550 1
478 520 1
483 526 1
493 505 1
520 521 1
499 556 1
477 542 1
487 538 1
491 550 1
535 544 1
489 491 1
524 565 1
502 544 1
527 530 1
500 548 1
493 533 1
508 535 1
478 502 1
495 533 1
489 508 1
472 555 1
483 565 1
468 532 1
502 521 1
474 485 1
474 554 1
565 568 1
484 516 1
504 565 1
472 490 1
536 543 1
507 538 1
555 558 1
512 536 1
506 514 1
491 494 1
520 528 1
492 1002 1
495 558 1
473 476 1
493 524 1
475 740 1
514 544 1
515 1002 1
520 557 1
482 514 1
478 529 1
513 570 1
521 531 1
511 565 1
489 545 1
510 515 1
531 540 1
495 509 1
478 488 1
517 557 1
499 503 1
483 520 1
488 527 1
475 521 1
482 544 1
469 725 1
536 568 1
527 541 1
496 558 1
488 561 1
554 568 1
511 555 1
513 558 1
475 538 1
485 525 1
482 556 1
487 536 1
493 544 1
516 528 1
484 570 1
508 537 1
501 503 1
500 527 1
544 568 1
520 523 1
491 527 1
474 541 1
478 500 1
533 543 1
475 500 1
480 493 1
482 523 1
484 517 1
485 535 1
485 503 1
487 544 1
513 522 1
521 527 1
560 565 1
491 544 1
517 552 1
537 568 1
505 542 1
501 554 1
474 514 1
484 535 1
484 503 1
516 565 1
489 541 1
488 1002 1
491 532 1
501 563 1
472 518 1
475 548 1
511 521 1
509 543 1
495 549 1
536 1002 1
503 552 1
514 523 1
542 565 1
503 518 1
528 570 1
519 565 1
530 544 1
485 489 1
478 511 1
472 556 1
491 523 1
524 558 1
510 517 1
537 557 1
514 520 1
471 505 1
568 570 1
503 517 1
511 561 1
475 507 1
524 542 1
519 555 1
495 508 1
485 537 1
512 541 1
528 535 1
520 544 1
471 740 1
508 725 1
491 496 1
518 563 1
490 541 1
545 562 1
514 541 1
468 562 1
526 565 1
484 537 1
514 535 1
505 740 1
525 565 1
505 549 1
496 503 1
520 553 1
516 535 1
505 563 1
537 552 1
564 565 1
482 542 1
483 507 1
499 504 1
515 545 1
543 549 1
495 500 1
485 545 1
468 515 1
477 495 1
514 521 1
491 551 1
491 561 1
474 478 1
501 545 1
468 563 1
488 515 1
513 536 1
510 524 1
468 501 1
511 516 1
552 555 1
524 549 1
508 543 1
501 550 1
489 544 1
483 516 1
489 532 1
525 545 1
478 570 1
484 504 1
550 555 1
554 558 1
492 557 1
482 513 1
506 563 1
516 568 1
499 510 1
538 555 1
490 517 1
530 542 1
478 525 1
565 567 1
551 570 1
482 563 1
484 501 1
478 535 1
475 535 1
475 503 1
550 552 1
490 514 1
499 545 1
504 512 1
473 520 1
488 541 1
554 1002 1
500 507 1
535 550 1
475 483 1
515 529 1
505 520 1
557 558 1
494 558 1
506 555 1
499 538 1
509 513 1
525 568 1
478 527 1
476 516 1
490 525 1
538 550 1
478 489 1
542 557 1
490 565 1
483 492 1
510 518 1
468 524 1
522 541 1
486 541 1
484 532 1
545 567 1
498 546 1
496 562 1
515 524 1
511 533 1
478 554 1
483 537 1
521 558 1
529 542 1
478 537 1
540 558 1
475 537 1
482 740 1
501 505 1
489 522 1
515 568 1
503 515 1
501 524 1
521 542 1
484 518 1
485 536 1
541 1002 1
473 498 1
496 515 1
517 556 1
531 555 1
483 523 1
511 537 1
519 524 1
493 550 1
482 550 1
484 536 1
472 537 1
474 544 1
524 555 1
486 504 1
528 532 1
545 568 1
500 542 1
492 532 1
521 555 1
502 563 1
542 547 1
549 557 1
490 545 1
491 533 1
516 527 1
504 555 1
557 563 1
499 506 1
514 545 1
482 519 1
495 513 1
473 550 1
488 568 1
522 558 1
514 550 1
513 532 1
525 536 1
508 513 1
514 567 1
499 531 1
543 548 1
514 538 1
522 542 1
475 504 1
509 522 1
525 556 1
555 557 1
521 549 1
490 551 1
496 518 1
525 544 1
512 528 1
521 563 1
516 558 1
468 530 1
490 491 1
489 563 1
488 513 1
507 509 1
507 542 1
491 495 1
486 495 1
478 561 1
508 554 1
502 515 1
473 553 1
496 499 1
509 1002 1
500 563 1
523 525 1
474 495 1
531 567 1
482 535 1
502 740 1
495 557 1
544 569 1
485 538 1
520 550 1
488 493 1
468 565 1
495 511 1
515 554 1
519 561 1
506 562 1
491 529 1
522 549 1
475 542 1
496 524 1
482 527 1
491 521 1
501 530 1
488 740 1
509 542 1
474 567 1
472 501 1
484 542 1
472 1002 1
542 556 1
527 567 1
493 515 1
507 563 1
486 543 1
529 550 1
514 531 1
475 518 1
484 493 1
482 496 1
529 538 1
488 567 1
468 540 1
472 480 1
501 510 1
491 547 1
502 505 1
519 557 1
493 501 1
488 538 1
505 515 1
483 1002 1
491 556 1
499 502 1
475 536 1
484 554 1
486 524 1
514 568 1
490 536 1
532 555 1
519 529 1
480 483 1
475 549 1
474 524 1
493 555 1
475 563 1
527 568 1
472 542 1
520 529 1
519 521 1
530 565 1
468 567 1
484 565 1
472 536 1
514 527 1
511 552 1
514 557 1
472 499 1
491 565 1
524 554 1
503 530 1
491 507 1
483 509 1
483 542 1
531 546 1
482 552 1
495 532 1
511 514 1
503 525 1
496 530 1
474 513 1
531 563 1
491 534 1
492 536 1
502 531 1
468 472 1
493 499 1
495 523 1
511 538 1
523 542 1
528 565 1
490 492 1
475 544 1
536 554 1
503 555 1
505 554 1
554 565 1
514 552 1
490 570 1
535 568 1
537 542 1
475 480 1
469 483 1
529 531 1
491 740 1
516 552 1
488 531 1
495 570 1
496 502 1
472 506 1
495 537 1
502 514 1
543 544 1
493 567 1
472 544 1
472 482 1
474 552 1
500 529 1
474 740 1
511 548 1
483 544 1
532 543 1
475 550 1
478 513 1
474 545 1
488 504 1
519 545 1
482 548 1
542 560 1
496 529 1
500 531 1
516 538 1
540 568 1
475 508 1
474 550 1
495 561 1
523 549 1
496 521 1
483 508 1
474 538 1
552 570 1
504 543 1
500 521 1
488 519 1
519 538 1
532 568 1
489 496 1
548 568 1
515 518 1
495 522 1
484 510 1
533 725 1
557 561 1
493 568 1
544 554 1
482 554 1
537 563 1
525 740 1
514 556 1
502 520 1
486 528 1
496 500 1
493 514 1
508 523 1
510 1002 1
491 548 1
513 557 1
477 490 1
515 517 1
535 552 1
475 501 1
524 725 1
504 525 1
525 550 1
508 512 1
493 562 1
505 514 1
501 517 1
490 516 1
472 485 1
525 538 1
553 565 1
486 555 1
541 740 1
483 557 1
524 541 1
495 516 1
541 545 1
515 526 1
535 538 1
489 552 1
474 505 1
490 495 1
491 498 1
483 485 1
527 535 1
505 530 1
474 511 1
508 560 1
511 527 1
496 507 1
491 531 1
511 557 1
501 562 1
516 529 1
506 525 1
510 525 1
522 561 1
493 502 1
533 1002 1
489 538 1
474 531 1
519 531 1
516 521 1
535 558 1
491 504 1
514 558 1
486 487 1
504 516 1
515 520 1
486 491 1
537 538 1
478 565 1
493 529 1
568 1002 1
514 528 1
513 544 1
531 570 1
554 557 1
484 568 1
507 522 1
490 1002 1
468 555 1
493 521 1
545 1002 1
512 552 1
508 526 1
472 565 1
544 557 1
528 544 1
517 524 1
484 496 1
509 533 1
485 560 1
519 527 1
504 570 1
505 565 1
524 543 1
517 521 1
531 535 1
510 545 1
500 562 1
493 500 1
521 554 1
508 510 1
520 558 1
485 519 1
495 545 1
493 547 1
483 532 1
492 517 1
524 526 1
531 541 1
482 517 1
505 555 1
468 499 1
557 570 1
506 543 1
502 558 1
511 544 1
488 495 1
514 563 1
495 541 1
524 525 1
515 552 1
519 552 1
511 532 1
481 491 1
511 556 1
542 544 1
511 523 1
474 502 1
502 519 1
505 545 1
489 504 1
492 538 1
469 545 1
500 533 1
472 561 1
492 523 1
521 537 1
533 545 1
543 545 1
510 520 1
527 557 1
508 533 1
478 483 1
472 486 1
468 482 1
478 493 1
502 570 1
488 543 1
496 537 1
483 561 1
491 493 1
524 545 1
502 549 1
493 516 1
491 505 1
508 568 1
482 520 1
495 529 1
536 552 1
519 532 1
505 518 1
490 508 1
474 493 1
493 519 1
502 535 1
478 512 1
488 524 1
475 512 1
469 493 1
468 514 1
491 725 1
496 555 1
558 1002 1
495 531 1
529 549 1
522 537 1
510 528 1
495 524 1
524 530 1
532 570 1
536 538 1
546 553 1
495 521 1
556 570 1
511 542 1
493 570 1
490 557 1
495 504 1
478 480 1
514 519 1
510 547 1
509 558 1
520 530 1
495 565 1
493 535 1
485 568 1
495 527 1
525 557 1
527 544 1
486 560 1
480 491 1
475 484 1
557 565 1
531 543 1
528 567 1
493 541 1
468 502 1
492 515 1
527 556 1
489 495 1
477 502 1
484 490 1
504 561 1
529 568 1
474 558 1
545 740 1
484 545 1
478 1002 1
484 514 1
508 556 1
511 549 1
511 563 1
491 1002 1
474 542 1
519 542 1
482 549 1
474 530 1
490 535 1
468 488 1
528 568 1
543 565 1
495 535 1
513 545 1
491 530 1
543 557 1
495 502 1
517 558 1
542 570 1
545 557 1
513 550 1
477 493 1
513 538 1
475 499 1
550 1002 1
552 554 1
508 558 1
468 558 1
496 514 1
488 557 1
495 514 1
571 572 1
573 574 1
575 576 1
577 578 1
577 579 1
578 579 1
580 581 -1
585 587 1
584 585 1
585 586 1
583 585 1
582 585 1
585 588 1
582 586 1
582 584 1
589 590 -1
592 593 1
591 592 1
594 597 -1
594 595 1
594 596 -1
598 606 -1
603 605 1
603 606 1
598 604 -1
598 603 -1
598 600 1
598 599 1
598 605 -1
598 602 -1
598 601 1
607 609 1
607 884 1
609 884 1
611 612 1
610 612 1
610 611 1
613 614 1
615 616 1
618 627 1
617 625 1
622 627 1
620 623 -1
620 626 1
623 626 -1
627 628 -1
619 624 1
624 626 -1
619 622 1
625 626 -1
626 627 -1
618 626 -1
624 625 1
622 626 1
618 625 1
626 628 1
619 626 -1
617 626 -1
621 626 -1
630 631 1
629 630 1
629 631 1
632 633 1
634 635 1
650 668 1
650 663 1
644 659 1
659 660 1
658 660 1
655 660 1
649 659 1
645 652 1
647 660 1
657 667 1
639 657 1
645 668 1
654 667 1
647 667 1
655 658 1
653 654 1
639 654 1
649 668 1
644 669 1
655 659 1
645 649 1
649 652 1
647 654 1
655 657 1
647 658 1
655 668 1
639 658 1
657 660 1
660 668 1
654 660 1
658 659 1
649 650 1
657 669 1
639 668 1
649 661 -1
655 662 1
654 669 1
657 658 1
645 662 1
658 668 1
639 642 1
647 649 1
642 660 1
647 657 1
642 659 1
644 645 1
639 661 -1
652 669 1
649 669 1
641 650 1
647 652 1
647 661 -1
660 663 1
652 667 1
654 657 1
660 661 -1
652 658 1
667 668 1
650 655 1
662 668 1
647 668 1
640 667 1
639 649 1
639 660 1
655 669 1
655 667 1
642 650 1
647 655 1
660 669 1
665 667 -1
638 667 1
652 654 1
650 662 1
659 667 1
657 668 1
639 659 1
661 662 -1
641 657 1
654 668 1
641 654 1
653 657 1
646 667 1
640 654 1
647 659 1
667 669 1
657 661 -1
658 669 1
639 655 1
644 667 1
654 659 1
644 658 1
644 647 1
647 669 1
652 668 1
645 667 1
662 669 1
645 658 1
640 663 1
640 657 -1
645 669 1
644 662 1
639 650 1
656 667 1
660 662 1
649 655 1
663 667 1
652 661 -1
644 657 1
644 654 1
648 667 1
650 660 1
640 661 -1
639 662 1
645 657 1
645 654 1
654 658 1
661 667 -1
650 658 1
666 667 1
657 659 1
653 655 1
650 669 1
649 662 1
639 669 1
645 661 -1
645 650 1
640 660 1
640 655 1
653 659 1
641 667 1
644 661 -1
660 667 1
653 667 1
639 644 1
650 657 1
652 659 1
647 653 1
658 662 1
652 657 1
659 668 1
639 640 1
652 663 1
664 667 1
644 655 1
639 645 1
667 866 1
640 659 1
639 667 1
644 660 1
659 669 1
641 663 1
639 647 1
645 655 1
645 660 1
650 652 1
657 662 1
642 667 1
661 668 -1
640 650 1
650 653 1
650 667 1
654 655 1
647 650 1
645 647 1
668 669 1
644 668 1
652 662 1
645 659 1
641 647 1
642 654 1
652 655 1
649 658 1
657 663 1
649 667 1
654 663 1
653 660 1
644 650 1
639 652 1
641 655 1
652 660 1
650 654 1
647 662 1
639 641 1
641 659 1
639 653 1
649 657 1
658 667 1
649 654 1
643 667 1
651 667 -1
642 655 1
654 661 -1
662 667 1
637 667 1
650 661 -1
659 662 1
649 660 1
644 649 1
655 663 1
655 661 -1
650 659 1
642 657 1
639 663 1
659 663 1
658 661 -1
654 662 1
641 660 1
644 653 1
671 672 1
670 672 1
676 678 1
676 679 1
676 680 -1
676 682 1
676 677 1
677 679 1
675 676 1
674 676 1
673 676 1
676 681 1
689 693 1
685 703 1
685 689 1
694 697 1
688 697 1
694 701 1
687 703 1
692 699 1
701 704 1
683 689 1
693 702 1
685 696 1
693 694 1
694 700 1
689 697 1
687 704 1
687 694 1
691 700 1
689 700 1
685 690 1
686 690 1
686 700 1
691 702 1
686 704 1
683 690 1
685 701 1
690 700 1
685 699 1
686 697 1
688 701 1
690 693 1
685 702 1
686 699 1
693 704 1
684 702 1
691 693 1
683 685 1
683 703 1
693 703 1
692 701 1
685 694 1
687 701 1
700 703 1
695 697 1
686 693 1
693 696 1
693 699 1
687 693 1
697 703 1
701 703 1
686 689 1
684 690 1
683 687 1
685 688 1
699 703 1
689 696 1
690 695 1
685 693 1
690 697 1
689 703 1
687 702 1
685 704 1
689 694 1
685 691 1
686 702 1
689 702 1
697 704 1
698 704 1
691 704 1
687 690 1
683 693 1
694 703 1
688 703 1
700 704 1
686 703 1
699 700 1
685 686 1
699 701 1
696 703 1
699 704 1
690 692 1
697 699 1
689 701 1
683 701 1
693 701 1
700 701 1
683 699 1
690 702 1
690 698 -1
692 694 1
686 701 1
687 699 1
690 703 1
696 701 1
687 691 1
687 689 1
687 700 1
683 700 1
702 703 1
694 699 1
686 687 1
687 697 1
690 701 1
683 697 1
683 702 1
683 686 1
687 696 1
688 690 1
683 696 1
683 694 1
694 696 1
690 691 1
693 697 1
693 700 1
689 690 1
686 694 1
690 696 1
687 688 1
691 699 1
690 699 1
690 694 1
689 699 1
703 704 1
691 703 1
697 701 1
683 691 1
683 704 1
686 688 1
689 704 1
685 700 1
687 698 1
685 697 1
686 691 1
697 702 1
700 702 1
696 697 1
686 696 1
685 687 1
690 704 1
728 731 1
715 721 1
734 737 1
716 731 1
712 731 1
727 744 1
731 737 1
707 731 1
705 722 1
723 731 1
707 723 1
709 714 1
720 732 1
731 738 1
715 733 1
732 918 1
722 723 1
717 739 1
717 731 1
714 731 1
731 736 1
731 741 1
709 722 1
718 741 1
727 736 1
705 709 1
731 918 1
714 715 1
720 731 1
709 715 1
714 787 1
720 918 1
735 736 1
714 723 1
713 736 1
731 787 1
709 731 1
725 731 1
714 721 1
715 735 1
731 735 1
727 741 1
731 744 1
721 731 1
715 737 1
709 721 1
720 726 1
705 731 1
718 727 1
715 723 1
715 718 1
718 731 1
711 714 1
705 715 1
720 723 1
705 707 1
730 731 1
710 731 1
731 743 1
731 742 -1
707 711 1
713 731 1
740 742 1
734 736 1
720 737 1
715 727 1
731 734 1
719 731 1
727 731 1
728 741 1
721 723 1
713 735 1
726 731 1
709 723 1
718 720 1
705 713 1
718 918 1
708 731 1
715 731 1
707 709 1
715 722 1
711 731 1
705 723 1
714 737 1
736 787 1
718 734 1
736 741 1
731 733 1
723 787 1
728 787 1
713 734 1
709 711 1
709 718 1
731 740 1
707 722 1
722 731 1
731 732 1
718 787 1
707 715 1
725 736 1
706 731 1
720 725 1
711 721 1
706 720 1
731 739 1
713 737 1
746 747 1
745 746 1
748 750 -1
749 750 -1
752 755 1
751 752 1
752 753 1
752 754 1
757 762 1
772 777 1
760 779 1
758 760 1
760 770 1
772 775 1
765 772 1
760 761 1
757 760 1
759 763 1
757 778 1
773 774 1
762 763 1
759 760 1
765 775 1
760 780 1
760 763 1
775 778 1
773 958 1
762 764 1
761 958 1
760 777 1
760 764 1
756 760 1
770 774 1
780 958 1
760 958 1
760 775 1
768 772 1
762 774 1
760 768 1
777 778 -1
771 958 1
778 958 -1
758 761 1
765 770 1
770 778 1
760 774 1
759 764 1
762 771 1
760 927 1
772 958 1
760 762 1
760 769 1
760 773 1
760 778 1
760 772 1
770 958 1
771 779 1
765 779 1
769 958 1
760 771 1
757 774 1
760 765 1
763 764 1
762 770 1
765 778 1
760 766 1
770 775 1
759 762 1
758 958 1
791 792 1
804 811 1
788 815 1
801 813 1
807 809 1
792 798 1
807 811 1
785 808 1
801 809 1
785 809 1
793 811 1
801 811 1
793 809 1
782 784 1
798 811 1
800 803 1
789 811 1
803 811 1
797 811 1
796 811 1
782 811 1
793 798 1
793 808 1
795 811 1
783 784 1
810 811 1
786 791 1
800 809 1
802 807 1
808 811 1
806 811 1
785 803 1
808 809 1
801 807 1
800 807 1
811 812 1
792 812 1
788 811 1
803 809 1
799 803 1
800 801 1
809 811 1
792 811 1
781 811 1
799 801 1
800 802 1
798 808 1
781 800 1
800 811 1
784 811 1
781 785 1
791 811 1
785 811 1
785 800 1
811 815 1
792 793 1
801 803 1
792 794 1
802 809 1
786 811 1
787 811 1
807 808 1
782 783 1
809 813 1
790 811 1
805 811 1
785 802 1
811 813 1
783 811 1
801 802 1
799 807 1
802 811 1
794 811 1
799 811 1
785 801 1
790 798 -1
802 808 1
799 800 1
811 814 1
816 817 1
817 818 1
819 820 1
821 822 1
823 824 -1
825 827 1
825 826 1
826 827 1
829 830 1
828 829 1
829 831 1
828 832 1
829 832 1
834 836 -1
835 1002 1
834 849 -1
834 840 -1
836 1002 1
834 841 -1
834 835 -1
834 1002 -1
837 1002 1
833 834 -1
834 837 -1
835 841 1
843 845 1
846 909 -1
845 847 1
843 909 -1
847 909 -1
843 847 1
843 844 1
844 847 1
846 847 1
845 909 -1
843 846 1
849 850 -1
848 850 -1
848 849 1
851 852 1
853 855 1
853 854 1
859 860 1
853 858 -1
853 857 1
856 860 1
853 860 1
860 862 1
857 860 1
857 861 1
855 862 1
854 862 1
854 861 1
860 861 1
854 855 1
853 856 1
854 857 1
856 862 1
855 860 1
855 857 1
861 862 1
858 860 -1
854 860 1
856 861 1
856 857 1
857 862 1
863 864 1
868 870 1
867 868 1
865 868 1
868 869 1
866 868 1
871 872 1
873 877 1
875 876 1
875 877 1
873 876 1
874 876 1
876 877 1
874 877 1
878 879 1
880 881 1
881 882 1
883 884 1
885 886 1
887 888 1
889 890 1
891 895 -1
894 895 -1
895 896 -1
893 895 -1
892 895 -1
897 898 1
900 902 1
901 902 1
900 901 1
899 901 1
899 902 1
899 900 1
903 904 1
905 907 -1
906 907 1
907 908 1
909 913 -1
909 912 1
911 916 1
909 914 1
913 916 1
913 915 1
913 914 1
914 916 1
911 913 1
910 913 1
911 914 1
912 913 1
912 914 1
911 912 1
917 920 1
918 920 1
920 923 -1
920 922 1
920 921 1
919 920 1
924 927 1
924 925 -1
925 927 -1
925 926 -1
928 929 1
931 932 1
930 931 1
933 934 1
939 940 1
936 939 1
935 939 1
938 940 1
939 941 1
937 939 1
938 939 1
942 943 1
945 947 1
945 946 1
944 948 1
946 947 1
944 947 -1
947 948 -1
949 955 1
949 954 1
953 1006 1
949 958 1
949 957 1
949 953 1
949 952 1
949 1006 1
949 950 1
953 958 1
949 951 -1
959 960 1
961 962 1
963 964 1
965 966 1
967 968 -1
969 970 1
974 975 -1
972 975 -1
971 975 -1
973 975 1
976 977 -1
977 978 1
976 978 -1
980 981 1
981 984 1
981 982 1
981 983 1
979 980 1
979 981 1
987 990 1
986 990 1
985 987 1
986 987 1
988 990 1
987 989 1
987 988 1
991 992 1
998 1007 1
997 1002 1
997 1006 1
998 1003 1
993 995 1
1002 1006 1
995 1004 1
994 1000 1
998 1004 1
995 997 1
997 1007 1
993 999 1
993 997 1
998 1000 1
999 1004 1
1001 1006 1
996 998 1
998 999 1
994 995 -1
996 1003 1
999 1005 1
993 1006 1
998 1001 1
997 1004 1
998 1006 1
996 1001 -1
994 1002 1
994 998 1
999 1006 1
995 998 1
996 1005 1
997 998 1
996 1002 -1
998 1005 1
996 997 -1
995 999 1
998 1002 1
1005 1006 1
1000 1004 -1
995 1002 1
997 999 1
995 1001 1
997 1001 1
1004 1006 1
999 1002 1
995 1006 1
993 1001 1
993 998 1
997 1005 -1
