1049 6773
2 5 -1
5 6 1
5 1041 -1
4 5 -1
1 5 -1
6 1041 1
7 8 1
44 877 -1
49 708 1
456 849 1
30 178 -1
37 61 1
53 781 1
24 811 1
53 427 1
29 35 1
16 53 1
53 407 1
419 751 -1
877 958 -1
751 811 1
69 779 1
22 68 1
77 772 1
811 958 1
78 237 1
53 69 1
46 811 1
23 811 1
419 467 1
11 78 1
53 751 -1
22 69 1
723 849 1
59 958 1
76 811 1
32 77 1
13 67 1
53 56 1
76 849 1
811 856 1
24 929 1
44 75 1
427 872 1
12 811 1
50 972 -1
11 811 1
58 751 1
49 723 1
29 877 1
35 811 1
24 53 -1
44 789 1
58 772 1
37 53 -1
35 877 1
29 68 1
53 57 1
781 856 1
178 849 -1
61 427 1
76 776 1
13 849 1
811 929 1
24 72 1
56 872 1
407 972 1
11 58 1
11 49 1
75 751 1
64 811 1
23 44 1
50 53 1
751 856 1
69 856 1
419 811 1
34 77 1
59 751 1
77 779 1
64 772 1
30 53 1
73 872 1
23 237 1
811 877 1
23 59 1
53 77 1
11 178 1
45 50 -1
58 64 1
24 972 -1
44 849 1
29 789 1
27 53 1
730 929 1
53 54 1
44 67 1
14 751 -1
61 73 1
68 751 1
64 877 1
53 772 1
694 872 1
58 877 1
11 69 1
34 53 1
53 68 -1
68 772 1
958 972 1
35 776 1
53 63 1
69 708 1
67 237 1
16 78 1
178 419 1
29 779 1
29 58 1
67 419 -1
45 872 1
467 751 1
42 811 1
64 776 1
29 44 1
23 849 1
49 781 1
29 62 1
14 30 1
68 872 -1
23 67 1
79 877 -1
53 64 1
53 67 1
54 877 1
13 53 1
42 56 1
35 849 1
781 849 1
16 77 1
811 820 1
59 456 1
723 811 1
53 877 1
779 811 1
23 776 1
58 811 1
75 811 1
12 820 1
16 789 1
14 811 1
789 811 1
16 849 -1
44 811 1
178 811 1
62 811 1
53 929 1
929 972 1
67 856 1
237 751 1
42 79 -1
75 78 1
772 856 1
67 708 -1
21 61 1
53 730 1
76 77 1
30 42 1
29 849 1
30 77 1
49 456 1
53 972 1
69 872 1
37 811 -1
35 68 1
62 820 1
53 467 1
53 58 -1
11 419 -1
58 237 1
49 56 1
50 730 1
856 877 1
9 419 1
14 67 -1
67 456 1
67 68 1
69 781 1
237 811 1
11 958 1
75 789 1
16 68 -1
75 708 1
58 849 -1
708 772 -1
59 789 1
32 811 1
68 856 1
33 53 1
44 58 1
811 849 1
35 751 1
789 849 1
44 59 1
62 776 1
929 958 1
32 856 1
29 781 1
35 772 1
9 53 1
61 730 1
59 237 1
78 849 1
45 69 1
12 958 1
53 61 1
76 772 1
14 75 1
16 751 -1
68 76 1
29 53 1
64 76 1
72 811 1
30 419 -1
24 730 1
53 237 1
33 427 -1
11 68 1
35 53 1
53 72 -1
53 779 1
76 877 1
78 811 1
21 694 -1
67 723 1
49 849 1
56 67 1
53 456 1
61 872 1
781 811 1
23 53 1
73 427 1
69 929 -1
58 419 1
35 781 1
419 789 1
57 61 1
44 237 1
67 178 1
54 849 1
53 76 1
11 872 1
11 53 1
776 849 1
14 29 1
75 776 1
37 872 1
49 54 1
849 877 1
53 958 1
427 811 1
75 467 -1
46 53 1
16 811 1
708 811 1
75 849 1
50 872 1
59 419 1
23 456 1
59 75 1
772 789 1
53 856 1
27 427 1
59 849 1
61 79 1
53 708 -1
12 53 1
772 958 -1
53 419 1
56 811 1
21 30 1
776 781 1
29 30 1
27 68 -1
11 79 1
694 811 1
35 456 1
61 63 1
872 929 1
427 730 -1
24 694 1
419 849 1
59 67 1
49 67 1
14 35 1
237 419 1
456 708 -1
53 872 1
49 419 1
11 456 1
237 849 1
67 849 1
42 53 1
723 877 1
58 77 -1
30 811 1
23 78 1
14 877 1
77 811 1
14 419 1
53 694 -1
694 972 -1
22 811 1
11 35 1
69 958 -1
708 849 1
29 776 1
781 789 1
64 849 1
33 59 -1
29 772 1
27 811 1
33 872 1
14 59 1
694 929 1
9 781 1
53 820 1
53 723 1
11 237 1
59 811 1
456 467 1
53 75 1
14 53 1
53 789 1
21 69 1
67 781 1
49 811 1
29 811 1
16 67 1
53 178 1
11 849 1
53 73 1
776 811 1
44 781 1
30 54 1
67 69 1
54 811 1
45 53 -1
18 53 1
23 779 1
77 820 1
67 811 1
178 877 -1
820 872 1
13 811 1
772 811 1
751 849 1
34 811 1
77 776 1
37 42 -1
44 779 1
77 708 -1
58 776 1
30 62 1
44 53 1
53 62 1
53 79 1
67 78 1
456 789 1
61 820 1
62 77 1
75 419 -1
467 811 1
58 67 1
68 69 1
50 56 1
14 789 1
22 856 1
11 427 1
21 53 1
69 772 1
34 68 -1
427 856 -1
30 708 -1
730 811 1
49 59 1
53 78 1
23 708 -1
53 59 1
407 811 1
751 958 -1
44 456 1
33 811 1
776 779 1
49 877 1
407 694 1
11 23 1
11 56 1
22 53 1
59 64 1
67 877 -1
13 776 1
772 776 1
27 77 1
53 776 1
21 872 1
11 50 -1
23 29 1
54 67 1
9 30 1
32 53 1
694 958 1
53 849 1
29 76 1
67 75 1
78 789 1
58 69 1
11 61 1
62 76 1
811 972 1
58 456 -1
49 53 1
53 811 1
29 958 1
49 237 1
69 877 1
456 811 1
64 68 -1
29 856 1
93 930 -1
82 99 1
530 855 -1
82 532 1
110 751 1
602 751 -1
82 930 -1
408 884 1
93 114 1
82 365 -1
118 751 -1
461 602 1
82 245 1
82 109 -1
82 88 -1
82 103 1
82 114 1
106 930 1
82 111 1
82 98 1
81 82 1
82 106 1
408 494 1
408 1017 -1
91 461 1
517 530 1
82 884 -1
82 118 -1
465 930 -1
494 602 1
81 271 1
109 532 1
602 930 1
245 494 1
82 589 1
115 930 1
494 517 1
82 95 -1
461 494 1
115 461 1
114 1017 1
114 530 1
110 408 1
751 930 1
517 1017 1
82 1017 -1
472 1017 -1
109 530 1
114 245 1
82 271 1
84 1017 1
88 271 -1
82 329 1
82 83 1
329 530 1
408 751 1
271 589 1
91 602 1
115 884 1
329 461 1
82 93 -1
109 751 -1
82 472 -1
751 1017 1
93 751 1
530 532 1
91 271 1
101 751 -1
115 494 1
271 329 1
114 930 1
245 751 1
517 751 1
82 855 -1
365 494 1
517 930 -1
82 101 1
82 465 -1
88 1017 -1
751 855 1
110 602 1
115 1017 1
751 884 1
82 408 -1
114 517 1
82 530 -1
82 517 -1
530 1017 1
271 1017 1
465 494 1
271 530 1
329 1017 1
98 365 1
81 517 1
494 930 1
93 530 1
329 517 1
82 494 1
82 102 1
82 110 1
494 532 1
82 751 -1
472 751 -1
114 494 1
530 930 1
329 884 1
82 115 1
530 751 -1
82 461 -1
271 494 1
109 1017 1
461 930 1
461 472 1
82 602 -1
245 461 1
82 117 -1
884 1017 1
99 106 1
532 602 1
82 91 1
82 84 -1
115 530 1
494 1017 1
121 1011 1
125 958 -1
125 822 1
822 958 -1
122 822 -1
122 125 -1
126 127 1
128 694 -1
128 129 1
129 694 -1
132 960 -1
132 160 1
132 139 -1
132 135 -1
132 486 -1
132 138 1
132 137 1
132 136 -1
136 486 -1
843 960 1
138 960 1
137 486 1
132 843 -1
139 960 1
142 965 -1
143 730 1
145 147 1
146 147 1
148 149 1
151 152 -1
151 740 -1
153 991 1
157 778 -1
157 817 -1
178 235 -1
160 532 1
532 569 1
232 408 1
222 250 1
309 671 -1
303 338 1
328 480 1
266 725 -1
384 485 1
193 343 -1
200 236 1
209 338 1
299 576 1
169 273 1
181 270 1
195 576 1
236 294 1
200 331 1
322 464 1
364 438 1
255 504 1
740 767 1
250 725 1
275 811 1
240 326 1
200 671 1
184 576 1
231 377 1
160 250 1
165 232 1
310 532 1
167 502 1
264 322 1
235 419 -1
232 262 1
294 671 1
336 370 1
245 250 1
248 504 1
205 930 1
218 485 1
299 504 1
218 303 1
294 338 1
260 294 1
250 278 1
448 576 -1
169 312 1
182 326 1
236 336 1
162 250 1
283 842 1
262 326 1
302 314 1
199 275 1
218 286 1
158 250 1
930 946 1
193 725 -1
249 671 1
174 250 1
232 485 1
178 241 -1
250 480 1
265 504 1
767 842 1
230 602 1
235 464 -1
329 410 1
331 532 1
233 236 -1
167 174 1
255 362 -1
314 333 1
265 491 1
299 532 1
326 485 1
235 246 -1
231 294 1
204 438 1
842 889 1
336 449 1
195 532 1
231 250 1
216 273 1
326 896 1
255 326 1
241 725 1
209 253 1
209 448 1
169 448 1
302 325 -1
602 671 1
326 384 1
240 319 1
327 333 1
163 419 1
270 671 1
250 329 1
250 341 1
569 671 1
252 321 1
158 370 1
177 811 1
255 602 -1
201 394 1
192 438 1
252 448 1
231 311 1
165 811 1
319 331 1
218 235 1
337 811 1
767 930 -1
337 930 1
177 299 1
201 671 1
229 250 1
210 250 -1
161 811 1
173 314 1
212 235 -1
161 930 1
195 235 1
232 394 1
325 671 -1
249 278 1
211 232 1
196 671 -1
250 362 1
195 232 1
212 671 -1
300 946 1
326 502 1
232 896 1
164 811 1
237 569 1
235 930 1
249 811 1
249 364 1
212 338 -1
269 384 1
270 569 1
213 250 1
419 725 -1
313 811 1
231 314 1
218 337 1
233 250 -1
250 710 1
245 255 1
163 276 1
232 576 1
491 671 1
236 249 1
163 169 1
220 502 1
216 294 1
246 811 1
172 232 1
204 532 1
204 250 1
233 253 -1
889 930 1
250 298 -1
449 930 1
299 767 1
186 671 1
235 811 -1
235 271 -1
250 265 1
326 465 1
341 449 1
172 326 1
576 671 1
240 250 1
299 889 1
245 449 1
159 484 1
235 504 1
267 333 1
231 327 1
197 504 1
314 576 1
169 294 1
250 289 1
250 297 1
250 285 -1
338 465 1
254 314 1
344 811 1
232 303 1
195 207 1
192 294 1
193 250 -1
255 569 -1
192 250 1
159 408 1
311 671 1
165 770 1
249 276 1
250 317 1
326 333 1
408 485 1
250 319 1
321 336 1
250 327 1
205 419 -1
314 438 1
309 326 1
341 419 -1
190 341 1
448 451 1
207 502 1
251 671 1
232 532 1
302 438 1
218 344 1
230 485 1
254 294 1
163 532 1
230 384 1
301 671 1
410 504 1
326 370 1
343 449 1
331 502 1
241 710 1
164 330 1
326 504 1
250 307 -1
408 896 1
394 930 -1
236 326 1
171 286 1
294 343 1
250 384 1
159 269 1
250 332 1
213 326 1
384 408 1
286 448 1
262 485 1
322 327 1
161 250 1
250 310 1
250 312 1
232 234 1
205 272 -1
283 408 -1
250 299 1
419 449 1
169 252 1
302 532 1
326 331 1
271 326 1
230 277 1
206 532 1
206 250 1
811 842 1
159 485 1
266 384 1
250 253 1
213 930 1
419 742 -1
184 250 1
174 326 1
811 946 1
255 343 1
172 671 1
250 259 1
221 448 -1
275 504 1
532 842 1
237 384 1
811 889 1
235 725 1
449 532 1
169 465 1
299 364 1
293 301 1
250 315 1
160 235 1
314 335 1
302 326 1
200 245 1
294 330 1
205 250 1
250 662 1
251 322 1
188 532 1
223 299 1
163 329 1
338 671 1
234 235 1
232 250 1
163 725 1
303 502 1
250 339 1
200 322 1
221 671 1
260 338 1
278 504 1
169 532 1
299 303 1
184 333 1
281 408 -1
294 326 1
338 340 1
220 326 1
255 327 1
213 484 1
165 235 -1
158 338 1
169 216 1
169 299 1
326 770 1
223 335 1
232 241 1
250 273 1
171 502 -1
244 250 1
163 241 1
171 336 -1
491 504 1
204 218 1
299 362 1
710 842 1
232 502 1
212 465 -1
249 465 1
160 811 1
192 311 1
286 294 1
250 286 1
657 662 1
742 811 1
236 419 -1
230 240 1
232 602 1
331 491 -1
326 445 1
316 485 1
384 532 1
190 250 1
278 811 1
250 328 1
256 671 1
265 451 -1
281 896 1
491 532 1
250 309 1
234 502 1
193 465 -1
169 222 1
192 223 1
293 338 1
250 264 1
253 264 1
234 338 1
313 842 1
173 671 1
241 249 1
163 341 1
384 504 1
193 930 -1
451 491 1
199 293 1
465 742 -1
169 206 1
286 322 1
408 811 1
181 569 1
321 343 1
491 502 1
236 448 -1
408 484 1
235 250 1
255 502 1
174 249 -1
231 671 1
260 448 1
236 272 -1
250 324 1
192 201 1
286 569 1
345 896 1
223 331 1
710 930 1
158 169 1
188 250 1
299 485 1
231 302 1
250 288 1
266 671 -1
303 485 1
213 657 1
249 312 1
160 504 1
229 331 1
197 485 1
294 321 -1
569 930 -1
237 271 1
241 602 1
256 448 -1
241 484 1
201 448 1
160 491 1
218 275 1
312 438 1
502 532 1
250 502 1
290 569 1
281 300 1
370 448 1
259 857 -1
250 671 1
237 250 -1
250 449 1
237 464 1
269 438 1
244 889 1
408 671 1
449 671 1
250 338 1
185 671 1
408 449 1
163 213 1
205 362 1
193 341 1
160 671 -1
205 504 1
293 302 1
253 671 1
232 299 1
201 250 1
314 569 1
249 321 1
250 304 1
198 671 1
322 341 1
307 394 1
290 491 1
250 657 1
241 265 1
199 269 1
239 250 -1
315 341 1
181 273 1
192 338 1
206 341 1
239 449 -1
464 504 1
193 671 -1
239 320 1
185 250 1
241 465 1
255 294 1
169 341 1
197 362 1
220 408 1
198 250 1
289 671 1
419 602 -1
250 770 1
504 930 1
286 341 1
250 602 1
341 377 1
310 484 1
248 602 1
186 335 1
241 930 1
249 288 1
250 262 1
159 491 1
234 341 1
293 532 1
250 301 1
190 408 1
266 569 -1
250 344 -1
657 896 1
339 465 1
196 250 -1
364 532 1
205 480 1
206 223 1
178 179 1
337 504 1
327 671 1
232 770 1
159 250 1
235 307 -1
249 260 1
163 299 1
232 249 1
250 485 1
237 740 1
169 234 1
234 250 1
246 569 -1
169 249 1
341 491 1
314 327 1
192 576 1
169 233 -1
249 285 -1
235 310 1
232 438 1
235 312 1
232 293 1
195 343 -1
164 657 1
330 671 1
200 299 1
181 188 1
408 410 1
320 326 1
165 250 1
250 270 1
326 448 1
364 502 1
255 303 1
502 930 1
160 465 1
159 502 1
220 485 1
250 394 1
216 250 1
216 341 1
185 341 1
297 331 1
195 341 1
211 480 1
250 896 1
245 464 -1
326 328 1
169 260 1
159 331 1
319 336 1
245 438 1
602 811 -1
449 504 1
158 311 1
250 276 1
311 320 1
191 408 -1
251 314 1
250 279 -1
169 250 1
179 250 1
191 811 1
222 338 1
710 811 1
250 445 1
232 235 1
344 742 1
162 294 1
204 485 1
169 319 1
254 576 1
328 671 1
252 532 1
265 671 1
502 896 1
250 252 1
253 314 1
532 725 1
184 314 1
313 408 -1
335 671 1
164 345 1
197 602 1
245 485 1
331 438 1
229 311 1
163 232 1
384 502 1
199 331 1
320 343 1
181 419 -1
229 335 1
267 314 1
249 602 1
240 491 1
160 181 1
232 326 1
307 602 -1
502 662 -1
198 338 1
250 300 1
311 338 1
250 283 1
233 264 1
255 532 1
310 315 1
192 231 1
331 485 1
210 465 -1
181 464 -1
250 465 1
237 265 1
233 335 -1
250 281 -1
229 671 1
250 290 1
451 504 1
253 263 1
231 464 1
190 205 1
211 742 1
250 857 1
199 602 1
290 329 1
448 502 1
237 465 1
250 484 1
223 569 -1
200 311 1
294 370 1
246 344 -1
269 338 1
159 299 1
200 250 1
345 842 -1
193 408 -1
250 370 1
232 309 1
250 742 -1
307 329 1
249 326 1
250 345 1
255 725 -1
160 218 1
174 465 -1
220 269 1
319 340 1
220 710 1
286 314 1
277 331 1
451 532 1
294 333 1
326 889 1
232 310 1
250 333 1
201 236 -1
259 896 1
294 320 1
232 484 1
250 254 1
188 235 1
331 333 1
896 930 1
259 657 1
255 576 1
245 326 1
250 256 1
657 889 1
254 333 1
384 930 1
230 448 1
377 465 1
249 485 1
251 448 1
235 502 1
181 303 1
232 377 1
293 576 1
241 344 -1
311 449 -1
250 451 1
250 336 1
297 326 1
438 485 1
213 740 1
250 263 1
237 241 1
234 294 1
222 253 1
213 408 -1
319 333 1
345 569 1
236 250 1
213 811 1
192 209 1
230 532 1
230 250 1
343 576 1
223 250 -1
245 419 1
218 930 1
314 341 1
244 341 1
218 339 1
250 767 1
294 331 1
314 464 1
236 275 1
250 930 -1
255 333 -1
245 445 1
218 299 1
267 576 1
165 326 1
314 671 1
241 532 1
181 210 -1
241 250 1
158 576 1
249 281 1
206 502 1
326 491 1
410 671 1
312 491 1
241 408 1
181 250 1
317 326 1
230 232 1
240 331 1
249 331 1
245 484 1
250 340 1
250 294 1
204 213 1
235 602 1
218 245 1
159 184 1
232 316 1
254 671 1
198 311 1
169 364 1
182 250 1
326 576 1
240 299 1
265 329 1
341 448 1
327 464 1
451 465 1
178 408 -1
331 336 1
312 532 1
336 671 1
338 448 1
237 337 1
336 930 -1
241 502 1
322 331 1
319 671 1
189 294 1
288 671 1
331 484 1
242 250 1
322 671 1
331 569 1
172 249 1
279 671 -1
345 408 1
169 331 1
172 250 -1
159 232 1
186 338 1
361 671 1
255 336 1
248 329 1
250 320 1
294 438 1
201 331 1
238 250 1
250 271 -1
301 314 1
321 532 1
171 181 -1
250 275 1
408 419 -1
158 532 1
484 491 1
182 671 1
299 309 1
250 322 1
232 270 1
251 335 1
200 576 1
484 930 1
326 532 1
314 317 1
329 384 1
181 263 1
191 275 1
221 250 -1
370 569 1
236 576 1
253 448 1
273 326 1
314 319 1
329 419 1
249 370 1
181 206 1
256 327 1
250 410 1
242 671 1
294 297 1
179 671 1
264 671 1
255 671 1
259 811 1
173 250 1
504 725 1
317 671 1
233 448 1
163 491 1
344 602 -1
250 361 1
438 569 1
331 341 1
331 576 1
218 484 1
200 491 1
186 249 1
281 842 1
341 671 1
299 408 1
329 504 1
191 250 -1
197 218 1
250 260 1
241 504 1
205 602 1
195 671 1
234 249 1
197 216 1
277 671 1
329 377 1
248 671 1
186 448 1
341 889 1
341 502 1
394 502 1
169 185 1
259 740 -1
177 250 1
341 842 1
174 313 1
212 250 -1
326 338 1
451 671 1
889 896 1
252 314 1
249 279 -1
299 326 1
249 504 1
504 532 1
502 671 1
241 394 1
842 896 1
250 337 1
335 338 1
249 491 1
245 384 1
197 326 1
189 250 1
294 312 1
273 569 1
336 448 1
167 250 1
193 235 -1
169 502 1
237 449 1
186 250 1
250 569 1
201 502 1
191 602 -1
220 303 1
164 250 1
249 250 1
249 532 1
185 249 1
198 576 1
160 169 1
250 438 1
237 344 1
301 576 1
255 485 1
326 340 1
286 311 1
192 671 1
344 408 -1
178 930 -1
290 341 1
408 504 1
250 251 1
204 299 1
249 451 1
159 576 1
394 485 1
250 377 1
181 362 1
449 602 -1
249 502 1
245 338 1
290 671 1
449 569 -1
218 725 1
312 569 1
293 502 1
192 326 1
250 740 -1
362 842 1
316 671 1
181 288 1
232 255 1
232 504 1
162 169 1
160 249 1
204 307 1
193 502 -1
339 502 1
309 725 1
449 811 1
245 307 1
331 338 1
266 465 -1
169 255 1
229 857 1
370 671 1
299 331 1
235 767 1
329 502 1
232 445 1
248 930 1
159 204 1
504 671 1
329 889 1
236 671 1
232 480 1
314 336 1
213 502 1
221 408 1
218 331 1
742 930 1
250 326 1
218 671 1
449 465 -1
248 485 1
419 465 1
285 438 -1
266 299 -1
250 946 -1
250 335 1
167 169 1
213 345 1
220 662 -1
293 569 -1
220 250 1
281 930 1
244 657 1
230 339 1
256 322 1
294 311 1
189 338 1
211 250 1
252 277 1
770 811 1
324 449 1
250 311 1
449 576 -1
484 725 1
314 331 1
237 504 1
200 270 1
161 408 1
277 338 1
326 394 1
255 465 1
485 532 1
344 770 1
270 362 1
199 725 1
314 448 1
302 331 1
250 842 1
253 311 1
231 449 1
281 657 1
221 465 -1
245 315 1
302 671 1
314 330 1
302 449 1
249 299 1
171 465 -1
232 345 1
297 448 1
223 671 1
250 364 1
169 189 1
302 330 1
158 192 1
178 250 -1
250 343 1
169 326 1
328 569 1
163 250 1
269 532 1
250 269 1
205 307 -1
201 326 1
159 218 1
250 314 1
231 333 1
419 504 1
249 341 1
232 238 1
339 485 1
188 286 1
331 671 1
197 465 1
811 930 1
269 576 1
326 327 1
207 532 1
207 250 1
159 197 1
191 344 -1
233 311 -1
221 235 -1
204 232 1
341 532 1
255 330 1
172 438 1
250 293 -1
250 331 1
232 245 1
162 326 1
218 362 1
811 896 1
250 408 1
218 504 1
211 811 -1
197 299 1
464 576 1
465 504 1
896 946 1
250 325 -1
250 419 -1
241 464 -1
250 277 -1
320 576 1
245 491 1
207 232 1
314 322 1
248 532 1
345 889 1
248 250 1
250 330 1
200 240 1
502 569 1
181 232 1
329 896 1
250 267 1
169 223 1
169 370 1
230 255 1
276 504 1
172 294 1
191 235 -1
232 331 1
181 326 1
250 313 -1
249 448 1
242 311 1
169 504 1
172 532 1
169 236 1
408 740 1
250 464 -1
252 370 1
299 491 1
277 576 1
408 464 -1
160 209 -1
362 602 1
246 250 -1
267 671 1
267 449 1
241 384 1
362 569 1
275 842 1
301 333 1
250 316 1
174 232 1
241 480 1
300 811 1
250 272 -1
259 842 1
314 361 1
310 671 1
283 930 1
199 218 1
249 297 1
657 770 1
465 502 1
181 190 1
218 229 1
278 842 1
232 384 1
256 311 -1
230 502 1
255 314 1
569 602 1
218 250 1
293 671 1
232 277 1
235 249 1
235 262 1
294 448 1
213 246 1
191 249 -1
250 448 1
195 250 1
216 223 1
250 302 1
223 449 1
299 502 1
185 448 1
445 485 1
235 344 -1
255 341 1
340 671 1
173 569 1
322 361 1
193 602 -1
250 303 1
169 297 1
294 576 1
230 326 1
302 321 1
250 576 1
263 294 1
485 602 1
238 384 1
178 480 1
209 250 1
338 339 1
218 232 1
230 465 1
286 326 1
197 250 1
163 504 1
212 602 -1
271 671 -1
196 231 -1
201 256 -1
325 333 1
181 331 1
209 331 1
169 263 1
241 326 1
249 277 1
312 502 1
320 336 1
250 811 -1
160 930 1
464 811 1
438 671 1
312 671 1
206 249 1
237 502 1
252 671 1
199 255 1
240 725 1
311 448 1
250 504 1
343 502 1
330 504 1
169 321 -1
248 408 1
232 362 1
333 671 1
250 266 -1
250 491 1
173 231 1
185 322 1
451 602 1
278 364 1
266 408 -1
200 326 1
164 889 1
333 335 1
384 394 1
322 569 1
160 237 1
326 362 1
321 341 1
249 842 1
250 321 1
245 299 1
199 250 1
213 235 -1
235 326 1
178 602 -1
169 277 1
294 532 1
188 249 1
171 249 -1
245 248 1
480 930 1
767 811 1
307 445 1
449 464 1
250 532 1
602 725 1
184 671 1
264 338 1
230 504 1
158 671 1
286 671 1
320 671 1
329 725 1
504 842 1
232 491 1
236 286 1
504 602 1
232 337 1
504 569 1
230 394 1
249 273 1
294 502 1
265 419 1
241 329 1
213 889 1
336 532 1
206 324 1
250 889 1
338 394 1
344 842 1
190 232 1
223 275 1
204 209 1
250 255 -1
338 502 1
171 250 -1
328 710 1
277 491 1
162 249 1
346 347 -1
348 1016 1
350 361 1
350 363 1
353 362 1
352 504 1
350 353 1
352 930 1
353 360 1
363 930 -1
356 504 1
350 434 1
358 703 1
363 703 1
363 364 1
353 504 1
360 363 1
361 365 1
358 363 1
359 363 1
356 363 1
350 362 1
353 363 1
350 930 1
362 703 -1
350 360 1
350 703 1
364 703 1
350 364 1
350 365 1
363 504 1
350 359 1
356 362 1
350 352 1
359 364 1
350 358 1
350 504 1
350 356 1
367 937 1
368 370 1
368 369 1
371 379 1
371 373 1
392 705 1
378 379 1
379 390 1
374 392 1
385 393 1
390 392 1
387 392 1
378 390 1
377 392 1
393 394 1
385 392 1
379 387 1
392 574 1
379 832 1
390 832 1
387 390 1
388 392 1
392 393 1
387 393 1
392 394 1
378 393 -1
384 392 1
374 574 1
392 396 1
388 832 1
378 383 1
387 396 1
393 708 1
374 394 1
387 808 -1
387 574 1
574 708 1
378 394 1
396 808 1
396 708 1
394 832 1
386 392 1
375 708 -1
376 392 1
375 396 1
392 832 1
392 808 1
392 708 -1
396 574 1
708 832 1
392 760 1
384 393 1
383 390 1
378 392 1
375 392 1
393 808 1
374 760 1
383 385 1
378 832 1
375 832 1
383 392 1
379 392 1
375 387 1
397 398 1
399 400 1
421 621 1
415 416 -1
432 498 1
432 485 1
475 602 1
497 502 -1
454 504 1
418 465 1
414 671 1
408 442 1
431 474 1
423 509 -1
509 1017 1
416 418 1
408 453 1
416 1017 1
452 475 1
419 498 1
475 621 1
438 453 -1
421 505 1
486 621 1
437 671 1
444 494 1
416 417 1
455 506 1
621 671 1
568 602 -1
496 708 -1
425 478 1
411 494 1
466 485 1
506 1017 1
478 889 1
475 494 1
708 1017 1
433 872 1
449 600 1
429 472 1
487 621 -1
424 621 1
421 470 1
402 602 1
402 1017 1
419 463 1
412 427 1
451 472 1
416 454 -1
472 504 1
418 484 1
442 508 1
473 872 -1
428 442 1
445 461 1
420 455 -1
475 1017 1
419 432 1
444 671 -1
478 494 1
433 456 1
442 485 1
498 708 1
407 421 1
411 498 1
485 568 -1
487 498 1
411 452 1
958 1017 1
425 463 1
506 621 1
450 1017 1
433 471 1
401 432 1
421 479 1
447 465 1
434 463 1
421 435 1
424 1017 1
472 621 1
421 434 1
872 889 1
428 466 1
502 621 -1
494 499 1
407 431 1
453 602 1
401 419 1
416 464 -1
505 506 1
416 457 1
421 467 1
447 491 1
461 509 -1
416 491 1
621 708 1
416 456 1
403 416 1
411 671 -1
458 478 1
474 730 1
671 975 -1
408 478 1
452 486 1
408 486 1
425 451 1
480 499 -1
458 1017 -1
431 486 1
492 506 1
457 708 1
455 458 1
453 494 1
402 456 1
401 414 1
478 502 1
419 461 1
477 602 -1
410 421 1
410 472 -1
470 504 1
836 889 1
421 466 1
416 444 -1
447 485 1
416 498 1
416 485 1
486 494 1
484 1017 1
486 730 1
406 504 1
415 494 -1
467 499 -1
458 499 1
568 621 1
433 671 1
499 1017 1
441 486 -1
406 417 1
433 449 1
429 600 1
472 475 -1
496 568 1
431 496 -1
496 1017 -1
451 494 1
499 502 1
421 437 1
485 708 1
463 1017 1
401 423 1
451 463 1
408 418 1
431 819 1
479 506 1
730 1017 1
416 469 1
416 463 1
456 651 1
411 504 1
405 427 1
451 651 1
458 621 -1
453 458 1
441 621 1
416 465 1
416 432 1
484 505 1
478 1017 1
416 477 -1
411 413 1
420 506 -1
836 1017 1
470 568 1
423 492 1
408 420 -1
404 421 1
499 509 -1
478 486 -1
447 470 1
506 708 1
406 442 1
406 419 1
424 480 1
450 498 1
463 472 1
402 423 1
671 819 -1
487 568 1
406 421 1
416 671 1
401 416 1
408 730 -1
452 494 1
475 502 1
473 499 -1
454 568 1
506 600 1
458 504 1
432 504 1
406 453 1
428 467 1
425 449 -1
406 472 1
405 408 -1
403 499 1
457 464 -1
416 480 1
434 568 1
407 471 1
494 715 1
408 621 1
437 506 1
411 509 1
461 651 1
461 485 1
467 568 1
456 475 1
412 500 1
421 490 1
486 872 1
424 461 -1
453 465 1
420 621 -1
475 671 1
423 485 1
449 708 1
447 621 1
416 461 1
872 1017 -1
421 958 1
484 621 1
452 505 1
405 416 -1
472 509 1
425 492 1
416 476 -1
403 498 1
499 708 1
418 451 1
421 456 1
456 478 1
434 465 1
730 819 1
451 492 1
424 600 1
413 671 1
408 492 1
432 442 1
463 498 1
472 506 1
413 600 1
425 889 1
416 470 1
429 494 1
454 651 -1
406 463 1
464 499 -1
418 421 1
467 494 -1
402 425 1
492 602 1
466 504 1
470 602 1
425 708 1
621 651 1
496 730 1
429 651 1
480 1017 -1
406 432 1
421 458 1
437 568 1
478 498 1
465 499 1
478 485 1
403 568 1
442 461 1
502 958 1
408 413 1
487 651 1
419 486 -1
453 461 1
432 466 1
435 499 -1
416 487 1
416 474 -1
432 463 1
450 463 1
435 671 1
442 504 1
413 494 1
671 958 1
420 479 -1
455 467 1
431 1017 1
437 441 1
432 450 1
419 621 1
451 461 1
465 478 1
454 621 -1
418 1017 1
453 470 1
442 491 1
487 494 1
416 505 1
484 494 1
416 504 1
411 568 1
819 889 1
420 423 -1
419 492 -1
453 485 1
419 442 1
416 486 -1
450 485 1
486 506 1
421 432 1
410 432 -1
433 458 1
490 509 1
490 600 1
499 602 -1
461 621 -1
504 708 1
408 600 1
419 421 1
416 427 -1
457 461 1
419 433 1
458 475 1
475 487 1
454 1017 -1
416 489 -1
408 455 1
457 621 1
416 621 1
442 447 1
406 448 1
492 494 1
498 504 1
458 480 1
568 958 1
505 671 1
414 708 1
461 463 1
494 502 1
408 437 1
730 975 1
429 1017 1
437 438 -1
432 453 1
416 509 -1
421 445 1
410 456 1
461 498 1
465 467 -1
478 499 1
470 499 1
437 447 1
456 568 1
491 505 1
436 472 -1
416 493 1
416 429 1
506 568 1
406 445 1
494 497 -1
424 568 1
494 671 1
467 602 1
441 872 -1
463 478 1
449 494 1
464 492 -1
457 492 1
432 509 1
463 470 1
402 442 1
418 472 -1
404 420 -1
411 421 1
416 473 -1
458 492 1
432 478 1
464 494 1
452 502 1
447 466 1
413 1017 1
416 466 1
420 492 1
449 1017 1
432 506 1
458 506 1
421 602 1
437 651 1
435 819 1
453 621 -1
407 473 -1
411 418 -1
406 447 1
419 506 1
402 458 1
474 819 1
452 671 1
424 651 -1
412 872 1
452 600 1
401 504 1
408 421 1
411 425 1
416 975 -1
416 460 1
461 467 -1
416 442 1
452 464 1
491 621 1
419 441 -1
432 494 -1
474 889 1
494 600 1
455 502 1
433 435 -1
484 498 1
433 485 1
455 494 1
427 474 -1
461 504 1
414 421 1
456 492 1
490 506 1
425 486 1
456 470 1
410 411 -1
408 506 1
432 568 1
433 486 -1
458 490 1
408 424 1
500 872 1
421 509 1
444 600 -1
475 498 1
424 445 1
429 498 1
480 872 1
418 499 -1
419 568 1
406 416 1
499 621 1
437 499 -1
416 435 -1
419 425 -1
416 958 -1
432 671 -1
408 458 1
461 484 1
416 708 -1
421 423 1
889 1017 1
403 461 -1
401 461 1
474 1017 1
427 435 -1
441 504 1
456 480 1
499 504 1
416 730 -1
600 602 1
421 433 1
425 621 1
429 432 1
416 819 -1
435 445 1
416 419 1
453 1017 1
457 466 1
411 423 -1
416 506 1
487 1017 1
416 467 1
819 1017 1
414 506 1
442 1017 -1
453 504 1
402 485 1
416 836 1
450 504 1
463 499 1
403 411 1
408 427 -1
403 408 1
416 421 1
402 416 1
402 447 1
508 1017 1
600 671 1
461 889 1
475 485 1
453 466 1
455 464 -1
477 492 -1
402 504 1
444 492 -1
418 600 1
416 453 1
442 499 1
416 479 1
416 448 1
474 872 1
410 423 1
447 448 1
453 498 1
416 471 1
418 455 1
434 1017 1
480 600 1
506 602 1
478 504 1
494 505 1
419 472 1
420 432 -1
602 708 -1
458 602 1
423 671 1
494 506 1
417 464 -1
433 464 1
432 484 1
423 475 1
403 671 1
419 477 1
419 420 -1
448 708 1
407 428 1
418 456 1
413 453 -1
442 450 1
413 416 1
447 490 1
416 568 1
872 975 1
442 478 1
433 463 1
421 442 1
819 872 1
401 455 1
433 958 1
402 651 1
424 464 -1
651 708 -1
421 450 1
477 1035 -1
458 651 1
416 455 1
568 708 1
453 479 1
404 504 1
425 470 1
416 449 -1
502 505 1
413 472 1
410 568 1
435 485 1
492 671 1
451 1017 1
421 451 1
492 600 1
494 621 1
424 428 1
452 602 1
423 506 1
425 466 1
411 479 1
433 568 1
403 432 -1
456 600 1
452 708 -1
445 447 1
478 958 -1
442 621 1
406 506 1
455 456 1
424 453 -1
502 1017 1
621 1017 1
470 671 1
496 819 1
449 472 -1
427 1017 -1
486 499 1
416 428 1
441 958 1
445 708 1
463 506 1
485 490 1
485 600 1
425 467 1
453 463 1
416 1035 -1
404 447 1
404 416 1
442 452 1
508 889 1
476 1035 -1
412 819 1
416 490 1
416 450 1
477 568 -1
401 466 1
450 506 1
428 708 1
420 485 -1
429 504 1
419 478 1
408 414 1
470 651 1
408 467 1
416 447 1
416 420 -1
436 600 -1
416 484 1
496 621 1
421 478 1
418 432 1
456 458 1
428 730 1
499 600 1
499 568 1
473 1017 -1
438 499 -1
461 600 1
479 494 1
421 461 1
420 708 -1
485 494 1
480 496 1
414 447 1
416 472 1
463 509 1
423 452 1
432 433 1
416 436 -1
473 494 1
461 568 1
428 568 1
413 504 1
415 621 -1
472 484 1
403 421 1
442 568 1
416 445 1
441 708 1
412 474 1
416 497 -1
416 872 -1
470 494 1
428 889 1
498 1017 1
405 431 1
470 600 1
478 730 -1
420 442 -1
442 492 1
412 1017 1
410 494 1
568 715 -1
499 958 1
448 494 1
456 505 1
414 420 1
418 602 1
486 496 -1
452 473 1
466 621 1
456 506 1
412 473 -1
465 506 1
467 502 1
424 499 1
416 430 1
494 508 1
405 730 1
478 506 1
472 478 1
432 461 -1
437 472 1
456 1017 1
456 602 1
423 451 1
467 1017 1
508 651 1
437 494 1
434 494 1
421 504 1
492 504 1
485 505 1
435 1035 -1
416 488 1
410 499 1
435 478 1
423 602 1
406 408 1
464 568 1
451 499 -1
414 492 1
421 491 1
402 491 1
414 416 1
434 600 1
437 1017 1
447 499 -1
465 621 1
458 470 1
406 502 1
470 498 1
404 494 1
406 484 1
411 416 -1
452 509 1
416 437 1
421 484 1
475 491 1
432 475 1
406 441 1
421 429 1
423 494 1
408 490 1
414 457 1
450 490 1
437 458 1
457 467 1
419 475 1
410 420 -1
463 484 1
461 506 1
568 836 1
447 453 1
433 651 1
434 456 1
447 450 1
431 836 1
411 432 1
438 478 -1
433 447 1
401 621 1
416 433 1
447 478 1
416 715 1
420 478 -1
406 651 1
431 435 -1
494 568 1
421 492 1
497 499 -1
485 621 1
406 1017 1
448 452 1
423 457 1
415 436 1
504 506 1
401 505 1
437 442 1
427 431 1
493 671 1
419 600 1
475 504 1
419 423 1
403 423 1
418 568 -1
467 472 -1
470 506 1
479 492 1
671 1017 1
421 889 1
435 504 1
504 600 1
421 487 1
402 421 1
445 568 1
819 958 1
407 433 1
452 499 1
470 1017 1
418 651 1
463 621 1
424 452 1
427 889 1
420 463 -1
466 671 1
416 499 -1
435 491 1
414 456 1
432 621 1
406 494 1
421 475 1
424 442 1
412 496 1
457 602 1
444 485 -1
419 428 -1
600 621 1
416 423 1
431 473 1
499 651 1
447 506 1
411 602 1
411 419 1
408 958 1
504 568 1
490 504 1
437 498 1
405 872 1
407 416 1
464 1017 1
401 479 1
463 494 1
452 836 1
434 506 1
442 671 1
456 466 1
423 456 1
489 494 1
472 499 -1
407 889 1
479 485 1
478 602 1
423 432 -1
423 708 1
425 602 1
450 494 1
490 491 1
435 452 1
428 872 1
413 506 1
416 510 -1
458 508 1
427 473 1
478 488 1
416 475 1
425 432 1
403 472 1
453 472 -1
435 502 -1
431 500 1
406 420 1
453 499 -1
421 455 1
437 465 1
458 466 1
486 889 1
423 428 1
442 456 1
428 456 1
475 600 -1
454 467 1
416 424 1
402 484 1
406 498 1
416 500 1
416 492 1
406 671 1
416 600 1
485 499 -1
416 496 -1
449 454 1
402 417 -1
463 602 1
416 431 1
500 889 1
458 509 -1
401 444 -1
509 568 1
421 453 1
433 453 1
432 651 1
410 416 1
432 487 1
418 494 1
437 485 1
455 492 1
452 504 1
408 476 -1
406 465 1
421 502 1
463 671 1
463 600 1
484 568 1
428 621 1
466 506 1
432 434 1
451 708 -1
411 651 1
411 485 1
432 458 1
452 491 1
432 600 1
408 432 1
418 463 1
404 485 1
437 463 1
425 433 1
455 484 1
475 568 1
432 602 1
419 452 1
431 872 -1
435 708 1
453 671 1
432 437 1
479 671 1
457 463 1
402 448 1
479 600 1
424 506 -1
458 498 1
465 497 -1
403 463 1
568 651 1
411 451 -1
819 975 -1
442 506 1
434 447 1
419 494 1
476 819 1
469 477 -1
504 651 1
504 621 1
416 508 1
427 819 1
473 819 1
415 602 -1
416 438 -1
416 425 1
421 506 1
509 600 1
406 499 1
438 494 1
415 432 -1
428 480 1
416 889 1
433 498 1
447 502 1
452 465 1
432 472 1
423 425 1
436 465 -1
461 497 1
424 448 1
408 708 1
432 467 -1
445 651 1
416 441 1
403 494 1
461 671 1
473 602 -1
406 456 1
406 491 1
438 708 -1
413 420 -1
455 671 1
455 600 1
466 602 1
504 1017 1
416 494 1
414 494 1
498 506 1
423 458 1
450 472 1
494 504 1
416 651 1
470 472 1
401 602 1
406 485 1
416 478 1
456 461 1
408 475 1
494 708 1
450 456 1
453 506 1
478 600 1
476 730 1
418 504 1
421 464 -1
442 602 1
410 498 1
442 708 -1
416 434 1
411 499 1
457 504 1
416 451 1
416 458 1
412 416 -1
474 500 1
447 452 1
416 452 1
472 487 1
408 416 1
436 461 -1
889 1035 1
433 494 1
453 475 1
433 1017 1
428 449 1
458 461 1
437 621 1
421 708 -1
404 671 1
416 602 1
404 600 1
416 502 1
411 463 1
476 602 1
486 502 -1
486 1017 1
432 456 1
432 436 -1
474 568 1
434 472 1
475 651 1
451 475 1
494 509 1
401 506 1
478 621 -1
424 494 -1
424 486 1
465 475 -1
428 505 1
574 591 1
530 537 1
531 1017 -1
536 537 1
592 849 1
512 574 1
606 1017 1
536 591 1
542 600 1
564 709 1
871 1017 1
566 591 1
542 568 1
512 536 1
515 532 1
512 566 1
610 1017 1
536 1001 -1
600 849 1
530 931 1
565 574 -1
539 600 1
530 615 1
551 574 -1
539 552 1
515 539 1
539 557 1
530 811 1
563 931 1
606 1001 1
512 606 1
531 573 1
539 592 1
521 1017 1
545 778 1
512 871 1
538 1001 1
519 709 1
551 709 1
539 573 1
591 617 1
536 539 1
551 617 -1
518 541 1
531 849 1
571 849 1
530 709 1
531 539 1
517 709 1
535 574 -1
539 571 1
536 709 1
561 617 -1
539 617 1
519 551 1
512 811 1
709 931 1
615 1017 1
532 573 1
571 709 1
549 709 1
709 778 1
521 539 1
567 617 -1
530 538 1
778 871 1
517 1001 1
539 574 1
530 549 1
540 709 1
520 930 1
574 811 1
570 811 -1
565 849 -1
569 1001 -1
574 1005 1
540 573 1
518 568 1
530 617 -1
538 540 1
606 871 1
540 549 1
521 811 1
518 550 1
529 539 1
531 545 1
539 550 1
527 617 -1
521 571 1
557 574 -1
539 1001 1
539 561 1
539 566 1
521 530 1
532 778 1
571 573 1
512 931 1
542 1001 1
519 527 1
512 615 1
566 811 1
530 540 1
811 871 1
569 591 1
573 591 1
527 1001 1
516 574 1
591 849 1
539 1017 1
531 591 1
519 611 -1
516 531 1
521 778 1
568 930 1
617 811 1
611 849 1
531 571 1
530 778 1
610 930 1
536 778 1
536 558 1
574 610 1
541 1017 1
545 574 1
530 606 1
571 778 1
515 574 -1
565 811 -1
539 871 1
536 571 1
551 849 -1
530 545 1
539 610 1
539 591 1
515 709 1
539 611 1
516 1017 1
512 539 1
574 849 1
557 1017 -1
539 570 1
563 574 1
518 538 1
520 617 -1
540 1017 1
563 1001 1
574 617 -1
514 539 1
570 709 1
573 1017 1
540 600 1
574 600 -1
519 565 -1
515 540 1
709 1001 1
539 849 1
571 1017 1
530 565 -1
573 811 1
564 574 1
521 709 1
545 1017 1
521 617 -1
518 539 1
849 871 1
545 591 1
849 930 1
591 778 1
563 871 1
539 930 1
545 871 1
573 709 1
519 521 1
531 709 1
517 849 1
514 527 1
574 709 1
566 606 1
849 931 1
531 931 1
529 536 -1
513 539 1
571 591 1
591 600 1
539 567 1
539 541 1
568 591 1
566 871 1
536 931 1
536 615 1
536 1005 1
541 811 1
532 536 1
550 709 1
574 623 1
536 811 1
521 574 1
521 573 1
541 930 1
519 592 1
538 1017 1
568 1001 1
519 574 1
606 931 1
520 539 1
536 551 1
549 1017 1
521 536 1
513 568 1
519 566 1
521 1001 1
606 811 1
536 592 1
517 536 1
535 539 1
709 1017 1
512 521 1
615 849 1
709 871 1
539 615 1
512 530 1
574 615 1
513 530 1
539 565 1
563 1017 1
522 539 1
531 778 1
610 709 1
566 931 1
537 1001 1
537 561 1
519 558 -1
527 574 1
573 600 1
540 1001 1
515 530 1
530 591 1
1005 1017 1
537 606 1
519 871 1
611 1017 1
574 778 1
530 871 1
519 610 1
566 569 1
536 871 1
519 606 -1
516 539 1
530 610 1
565 617 -1
571 811 1
573 606 1
537 871 1
549 871 1
537 931 1
536 617 1
545 615 1
517 811 1
1001 1017 1
542 930 1
537 811 1
568 811 1
532 564 1
563 849 1
539 545 1
512 709 1
536 565 -1
611 617 -1
519 930 -1
530 573 1
530 564 1
606 849 1
531 565 -1
778 1017 1
549 606 1
568 931 1
515 1001 1
930 1001 -1
551 573 1
512 778 1
606 709 1
538 539 1
535 849 1
539 548 1
573 931 1
539 563 1
521 591 1
518 1001 1
512 573 1
545 571 1
516 545 1
539 564 1
811 1017 1
539 623 1
521 531 1
551 811 -1
611 778 1
573 611 1
600 1001 1
539 606 1
574 592 1
541 568 1
530 531 1
591 871 1
573 574 1
540 606 1
515 617 1
541 709 1
536 573 1
568 606 1
549 931 1
518 606 1
539 549 1
606 778 1
532 539 1
522 1017 1
539 811 1
531 536 1
549 811 1
811 1005 1
539 709 1
539 568 1
615 709 1
570 606 1
519 849 1
709 811 1
519 539 1
539 551 1
811 931 1
565 1017 -1
591 931 1
615 811 1
530 849 1
530 539 1
517 539 1
512 565 -1
550 574 1
519 541 1
519 811 1
513 1001 1
539 931 1
545 606 1
537 539 1
530 541 1
573 871 1
531 574 1
571 574 1
539 1005 1
540 931 1
573 610 1
566 574 1
541 542 1
540 849 1
539 540 1
530 550 1
536 1017 1
778 811 1
558 574 -1
539 569 1
548 568 1
521 871 1
709 849 1
521 610 1
539 542 1
565 1001 -1
545 709 1
536 545 1
600 931 1
536 606 -1
516 778 1
527 539 1
531 871 1
778 1001 1
536 610 1
574 871 1
545 931 1
574 1017 1
552 811 -1
557 811 -1
545 811 1
512 1017 1
591 623 1
600 930 1
571 617 1
568 571 1
539 778 1
539 558 1
512 1001 1
615 778 1
519 571 1
517 568 1
515 849 1
530 571 1
574 575 -1
576 577 1
578 579 1
580 694 1
958 1014 1
580 1014 1
580 958 -1
580 582 1
694 1014 1
585 606 -1
1017 1020 1
585 619 1
605 606 1
606 1020 1
585 591 1
811 875 1
606 608 1
585 592 1
585 613 1
616 930 1
595 930 1
597 602 1
592 599 1
607 1017 1
618 1020 1
795 1020 1
585 795 1
585 618 1
601 615 1
585 602 -1
622 1020 1
588 589 1
585 623 1
615 1020 1
875 1017 1
606 621 -1
601 607 1
595 795 1
608 811 1
621 795 -1
585 615 1
608 1020 1
599 617 1
585 600 1
585 587 1
622 1017 1
607 1020 1
600 601 1
588 598 1
597 1017 1
588 607 1
585 604 -1
619 1017 -1
591 608 1
606 616 1
585 1020 1
591 1020 1
608 1017 1
599 811 1
585 611 -1
615 621 1
616 1017 1
621 811 1
589 621 1
608 621 1
585 609 1
599 1017 1
585 610 1
591 599 1
585 875 1
585 617 1
610 622 1
587 611 1
585 621 1
591 621 1
616 811 1
585 614 1
585 588 1
618 621 -1
588 1017 1
585 622 1
610 621 1
610 616 1
585 593 1
599 622 1
591 602 1
600 616 1
599 615 1
591 616 1
588 606 1
587 930 1
585 605 1
585 608 1
587 595 1
621 622 1
611 616 1
585 620 1
599 608 1
597 621 1
587 1017 1
585 1017 1
585 601 1
585 811 1
597 930 -1
930 1020 1
585 930 1
585 599 1
585 595 1
604 795 1
601 605 1
607 930 1
601 617 1
621 875 -1
795 1017 1
606 607 1
585 598 1
585 597 1
601 811 1
585 607 -1
592 616 1
621 930 1
585 616 1
591 601 1
599 616 1
811 1020 1
599 600 1
587 875 1
593 599 1
589 795 1
605 617 1
585 589 1
626 630 -1
630 843 -1
630 637 1
630 636 -1
630 1023 -1
628 630 -1
626 636 -1
627 630 -1
630 635 1
630 1029 1
630 977 -1
627 638 -1
630 1042 1
633 638 -1
625 630 -1
639 1023 1
626 1029 1
630 640 -1
626 638 -1
630 639 -1
627 1029 1
627 843 1
627 1023 1
630 638 -1
630 633 -1
977 1042 1
670 676 1
818 987 1
960 967 1
644 670 1
694 819 1
915 1003 1
960 1027 1
657 915 1
1016 1033 1
685 811 1
915 1025 1
670 689 1
685 1016 -1
670 876 1
931 1020 1
987 995 1
670 878 1
690 915 1
876 895 1
643 1003 1
668 960 1
643 1025 1
871 964 1
666 670 1
654 995 1
876 967 1
688 960 1
670 895 1
895 931 1
659 811 -1
658 670 1
670 818 1
649 1027 1
643 995 1
811 895 1
684 964 1
1016 1027 1
819 832 1
690 818 1
694 893 -1
915 964 1
1003 1033 1
931 1025 1
657 1033 1
670 995 1
645 1020 1
643 662 1
668 670 1
694 696 1
657 819 1
650 659 1
670 1033 1
643 678 1
960 987 1
684 1003 1
931 964 1
876 964 1
915 1016 1
690 931 1
690 871 1
647 651 1
688 1016 1
662 1033 -1
895 995 1
822 1027 1
670 692 1
684 685 1
819 1027 1
670 893 1
871 995 1
660 670 1
644 1020 1
811 995 1
650 818 1
871 1016 1
696 811 -1
876 987 1
876 1016 1
967 1027 1
650 670 1
832 1025 1
643 819 1
995 1016 1
670 678 1
811 893 -1
670 696 1
818 1016 1
641 811 1
692 819 1
878 1016 1
690 696 1
650 967 1
643 960 1
662 967 1
832 895 1
670 694 1
678 684 1
931 1016 1
818 960 1
654 960 1
657 690 1
811 987 1
670 684 1
960 995 1
670 915 1
647 670 1
649 960 1
822 931 1
995 1033 1
893 960 -1
811 822 1
811 960 1
960 964 1
1016 1020 1
657 964 1
832 964 1
691 832 1
878 995 1
692 995 1
689 964 1
931 960 1
1025 1030 1
692 1016 1
1016 1025 1
960 1016 1
964 1003 1
1020 1025 1
893 1016 -1
832 1016 1
685 1030 1
818 876 1
871 960 1
692 960 1
670 931 1
819 895 1
643 1027 1
871 1020 1
670 811 1
995 1027 1
822 1025 1
819 987 1
876 931 1
960 1033 1
641 822 -1
967 1025 1
1003 1016 1
670 1027 1
657 1016 1
657 1003 1
666 832 1
931 1003 1
895 1027 1
1003 1020 1
649 876 1
657 931 1
645 1003 1
689 1016 1
678 1030 1
643 670 1
694 1027 1
659 1030 1
822 964 1
822 960 1
662 670 1
670 1030 1
650 1027 1
670 688 1
654 987 -1
659 1020 1
694 987 1
819 964 1
987 1025 -1
670 1025 1
645 685 1
931 995 1
657 967 1
662 1016 1
1027 1033 1
670 832 1
964 967 1
657 1025 1
670 671 1
684 1020 1
685 931 1
685 1020 1
876 960 1
811 915 1
871 876 1
878 960 1
895 1016 1
678 1020 1
670 693 1
641 871 1
811 1033 1
696 876 1
641 650 1
670 1003 1
644 1025 1
657 670 1
915 960 1
650 696 1
967 1030 1
967 1016 1
895 987 1
645 670 1
654 694 1
692 811 1
649 819 1
819 1016 1
657 878 1
694 995 1
664 670 1
670 1020 1
650 811 1
678 931 1
819 1025 -1
876 915 1
678 811 1
647 811 1
670 685 1
694 931 1
650 1025 1
641 1025 1
995 1025 1
662 1020 1
662 832 1
670 690 1
647 931 1
654 670 1
832 995 1
692 694 1
819 960 1
871 1025 1
964 1016 1
915 1027 1
876 878 1
657 871 1
650 1020 1
685 871 1
819 967 1
696 1025 1
670 819 1
670 964 1
670 691 1
662 915 1
893 1025 1
660 960 1
819 876 1
876 1027 1
694 960 1
871 1003 1
893 1020 1
650 1003 1
670 967 1
685 915 1
960 1003 1
987 1016 1
649 670 1
657 960 1
690 967 1
696 1003 1
964 995 1
670 677 1
818 964 1
650 685 1
832 960 1
678 871 1
650 691 1
893 1003 1
878 1027 1
678 685 1
670 871 1
685 696 1
641 670 1
822 987 1
643 1016 1
659 670 1
666 671 1
832 1003 1
931 1027 1
819 878 1
967 987 1
693 1025 1
819 995 1
876 1025 1
670 987 1
685 893 1
651 670 1
670 1016 1
650 662 1
662 871 1
685 693 1
967 995 1
690 1016 1
643 822 1
662 931 1
1025 1027 1
931 1030 1
643 811 1
822 995 1
819 871 1
878 987 1
670 822 1
662 878 1
893 1030 1
685 1003 1
678 893 1
819 915 1
657 685 1
666 1020 1
657 1027 1
964 1033 1
811 1016 1
670 960 1
651 662 1
895 960 1
818 1003 1
811 819 1
699 997 1
699 993 1
708 741 -1
705 728 1
708 744 1
714 1020 1
725 751 1
708 745 1
721 734 1
703 708 1
708 737 1
713 744 1
719 744 1
705 718 1
738 740 1
713 734 1
744 926 1
721 728 1
714 764 -1
708 1020 1
710 714 1
702 1020 1
704 730 1
728 744 1
721 744 1
713 1020 1
712 744 1
728 737 1
704 714 1
716 744 1
741 784 1
744 1020 1
705 715 1
702 743 1
708 709 1
708 713 1
741 744 1
710 906 1
737 744 1
721 741 1
969 1020 1
722 744 1
700 744 1
926 1026 1
744 764 1
730 744 1
723 744 1
714 744 1
738 741 1
744 784 1
705 744 1
727 906 1
710 744 1
708 712 1
738 764 1
715 738 1
733 744 1
711 730 1
702 906 1
704 744 1
710 721 1
700 1020 1
709 727 -1
740 744 1
744 906 1
701 744 1
717 744 1
709 738 1
738 744 -1
730 740 1
713 738 1
926 1020 1
709 713 1
744 746 1
705 740 1
718 744 1
709 784 1
713 751 1
726 744 1
713 926 1
703 721 1
738 1020 -1
717 721 1
721 737 1
728 741 1
725 744 1
721 743 1
730 1026 1
701 708 1
711 744 1
743 744 1
709 744 1
703 741 1
722 743 1
727 744 1
730 1020 -1
730 926 1
702 744 1
735 744 1
700 713 1
710 1020 1
709 737 1
744 745 1
742 744 1
744 751 1
703 744 1
721 723 1
784 1020 1
709 715 1
709 1020 1
725 764 -1
708 764 1
735 751 1
734 744 1
710 737 1
713 764 1
713 723 1
710 713 1
740 1020 1
705 709 1
737 743 1
705 713 1
713 784 1
744 969 1
744 1026 1
713 733 1
751 1020 1
730 906 1
715 737 -1
715 744 1
707 744 1
713 740 1
713 717 1
738 743 1
722 1020 1
764 926 1
749 888 1
750 888 -1
749 915 1
750 915 -1
749 750 -1
888 915 1
762 764 1
758 811 1
756 758 1
763 764 1
760 766 1
803 811 1
753 766 1
756 766 1
766 811 1
765 811 1
760 811 1
751 766 1
762 763 1
765 766 1
752 811 1
762 766 1
762 771 1
764 766 1
753 811 1
764 765 1
755 771 1
758 766 1
762 765 1
763 766 1
766 767 1
760 767 1
756 811 1
758 765 1
761 766 1
766 771 1
755 766 1
755 764 1
763 811 1
751 756 -1
751 758 1
752 766 1
761 811 1
765 771 1
766 803 1
774 784 1
771 790 1
775 790 1
786 787 1
770 786 1
790 1020 1
789 790 1
775 789 1
772 778 1
773 1020 1
772 773 1
770 1020 1
778 782 1
778 1020 1
786 790 1
786 788 1
771 1020 1
771 789 1
773 786 1
782 786 1
772 780 1
771 776 1
771 781 1
783 790 1
774 787 1
774 779 1
771 788 1
778 784 1
780 781 1
768 774 1
780 783 1
774 788 1
779 786 1
778 786 1
770 775 1
774 778 1
780 784 1
782 787 1
772 1020 1
769 775 1
771 774 1
774 785 1
770 771 1
769 778 1
780 786 1
789 1020 1
774 780 1
779 784 1
771 786 1
778 779 1
785 786 1
769 1020 1
768 786 1
776 780 1
775 786 1
771 787 1
775 778 1
772 775 1
779 780 1
786 1020 1
786 789 1
784 789 1
771 778 1
774 1020 1
773 774 1
781 786 1
778 781 1
772 786 1
776 1020 1
769 771 1
782 1020 1
772 787 1
779 1020 1
776 786 1
773 782 1
771 782 1
769 786 1
775 784 1
776 783 1
774 775 1
773 775 1
771 779 1
778 790 1
780 782 1
773 778 1
771 784 -1
771 775 1
770 778 1
775 1020 1
775 785 1
784 786 1
778 789 1
774 786 1
771 773 1
785 1020 1
774 776 1
780 790 1
781 1020 1
774 781 1
783 786 1
773 780 1
780 1020 1
771 785 1
784 790 1
769 774 1
771 780 1
782 790 1
791 792 -1
791 795 -1
791 794 -1
791 793 -1
796 797 1
798 799 1
802 807 1
802 803 1
802 805 1
800 802 1
802 903 1
802 804 1
800 807 -1
801 802 1
802 808 1
802 809 1
800 808 1
800 801 1
811 813 1
812 813 1
811 812 1
810 811 1
810 812 -1
872 914 1
898 1028 1
898 906 1
842 871 1
903 1023 1
849 903 1
833 862 1
877 910 -1
891 898 1
898 915 1
902 965 1
853 1017 1
834 914 1
852 872 1
838 1016 1
915 1011 1
891 902 1
837 856 1
862 881 1
824 828 1
824 915 1
843 859 1
820 871 1
819 909 1
898 1033 1
964 1023 1
852 909 1
846 871 1
852 1017 -1
889 893 1
914 931 -1
832 906 1
872 1023 1
815 965 1
815 1023 1
956 1033 1
818 1011 1
852 870 1
832 891 1
946 967 1
817 888 1
854 871 -1
852 960 1
881 1007 1
876 927 1
884 898 1
909 967 1
852 884 1
829 840 1
820 881 1
833 965 1
833 1023 1
853 964 1
816 870 1
822 846 1
829 909 1
838 879 1
863 871 1
815 889 1
876 1011 1
840 868 1
879 1033 1
850 902 1
843 984 -1
817 1011 1
898 904 -1
840 1011 1
838 840 1
927 1027 1
819 846 1
896 1016 1
820 915 1
888 941 -1
870 1011 1
819 823 1
889 912 1
833 941 1
833 889 1
946 1011 1
965 1011 1
877 965 1
840 983 1
895 946 1
839 1027 1
834 1023 1
829 839 1
843 889 1
850 898 1
817 852 1
856 931 1
856 889 1
888 931 1
891 1011 1
850 967 1
838 902 1
872 883 1
857 909 1
822 838 1
898 1011 -1
842 931 1
896 1033 1
844 1033 1
903 931 1
856 965 1
838 967 1
881 898 1
830 965 1
834 915 1
824 964 1
836 1016 1
853 871 1
821 898 1
832 840 1
838 898 1
931 1011 1
832 898 1
931 946 1
877 931 1
967 1023 1
833 898 1
916 1011 1
854 893 -1
835 898 1
839 1023 1
840 1023 1
828 840 1
846 898 1
840 897 1
834 889 1
816 891 1
820 870 1
823 898 1
850 863 1
815 840 1
828 898 1
823 852 1
835 1023 1
815 898 1
898 941 1
815 984 1
828 914 -1
850 1011 1
857 895 1
838 856 1
854 1033 1
876 1017 1
843 872 1
817 956 -1
877 898 -1
853 927 1
892 1017 1
817 909 -1
816 838 1
894 1011 1
840 912 1
857 871 1
833 840 1
893 946 -1
902 1027 1
896 1027 1
895 1028 1
816 916 1
840 960 1
871 903 1
871 965 1
824 984 1
852 1027 1
818 965 1
862 870 1
816 984 1
857 879 1
877 1017 1
872 956 1
941 964 1
817 1016 1
903 1011 1
894 898 1
898 1017 1
872 909 1
854 912 -1
840 876 1
967 1028 1
906 967 1
836 1027 1
877 903 1
816 881 1
960 1017 1
898 903 1
895 898 1
815 967 1
871 909 1
888 1016 1
868 1028 1
815 881 1
862 931 1
818 1007 1
888 1033 1
819 824 1
956 1027 1
838 852 1
946 1007 1
824 896 1
964 1011 1
820 891 1
854 1027 1
833 843 1
909 960 1
868 878 -1
852 1033 1
819 1023 1
866 898 1
898 946 1
832 1017 1
852 965 1
852 1023 1
876 902 1
834 881 1
853 898 1
815 819 1
888 1011 1
862 871 1
817 896 1
852 984 1
853 931 1
889 967 1
820 894 1
822 854 1
824 967 1
839 1017 -1
896 915 1
815 833 1
817 879 1
824 840 1
832 1011 1
883 895 1
889 1023 1
871 946 1
881 914 1
1028 1033 1
820 931 1
853 902 1
838 844 -1
842 898 1
833 834 1
823 872 1
946 960 1
820 1011 1
871 891 1
817 859 -1
868 956 1
853 912 1
852 889 1
833 912 1
852 881 1
896 983 1
888 960 1
889 906 1
815 1011 1
818 896 1
833 1017 1
883 964 1
850 881 -1
946 1016 1
840 956 1
903 960 1
817 854 1
891 967 1
838 872 1
824 898 1
817 960 1
833 1011 1
828 852 1
838 850 1
838 857 1
857 876 1
829 1016 1
898 964 1
871 1011 1
896 931 1
960 1011 1
856 915 1
876 896 1
941 1016 1
817 868 1
840 878 1
946 956 1
815 1017 1
856 1011 1
822 1011 1
870 876 1
879 931 1
816 915 1
909 946 1
862 902 1
906 1017 1
822 840 1
852 891 1
871 877 1
815 842 1
820 838 1
820 832 1
823 839 1
815 857 -1
853 876 1
898 956 -1
830 898 1
892 898 -1
891 909 1
916 965 1
912 1017 1
819 835 1
898 931 1
927 931 1
883 967 1
1011 1016 1
836 931 1
824 885 1
847 854 1
839 886 1
838 871 1
872 965 1
829 896 1
853 863 1
851 898 1
843 856 1
902 956 -1
822 829 1
815 946 1
856 894 1
856 1017 1
896 941 1
824 878 1
879 891 1
893 965 1
854 931 1
819 840 1
898 965 1
833 967 1
902 931 1
875 889 1
817 876 1
898 1016 1
902 916 1
898 984 1
815 862 1
843 903 1
872 1027 1
836 946 1
960 1007 1
852 915 1
823 967 1
941 1033 -1
843 881 1
840 879 1
840 889 1
902 1016 1
838 883 1
902 984 1
836 891 1
838 843 1
883 1033 1
1007 1023 1
863 931 1
829 956 1
883 984 1
821 852 1
820 828 1
843 964 1
842 912 1
818 824 1
888 1028 1
906 931 -1
876 946 1
846 881 -1
823 846 1
833 852 1
824 852 1
822 898 1
835 852 1
824 872 1
836 1033 1
879 894 1
839 1016 -1
909 1033 1
889 894 1
871 1023 1
875 906 1
967 1017 1
876 888 1
898 967 1
820 833 1
892 931 1
849 898 -1
838 960 1
840 898 1
870 889 1
872 891 1
834 964 1
817 872 1
850 880 1
854 1011 1
838 839 1
838 916 1
839 902 -1
902 1011 1
817 1023 1
822 883 1
859 1017 1
838 853 1
863 875 1
819 898 1
898 910 1
909 1027 1
832 879 1
843 965 1
852 946 1
878 888 1
859 1011 1
902 914 -1
840 883 1
896 898 1
859 895 1
868 872 -1
875 898 1
816 1017 -1
871 1028 1
876 891 1
829 876 1
846 852 1
840 872 1
914 1011 1
822 833 1
868 898 1
815 820 1
815 1016 1
902 960 1
863 872 -1
896 960 1
839 964 1
845 898 1
819 1011 1
819 946 1
852 1011 1
852 877 1
946 1027 1
842 967 1
838 876 1
853 915 1
915 946 1
817 857 1
852 855 1
902 1023 1
832 896 1
872 931 1
862 889 1
816 931 1
941 1011 1
909 965 1
909 1023 1
879 1011 1
1016 1028 1
889 1011 1
877 889 1
816 1011 1
816 820 1
847 898 1
828 876 1
824 882 1
854 898 1
863 892 1
836 960 1
833 872 1
817 1028 1
815 916 1
871 912 1
834 891 1
856 898 1
856 984 1
815 822 1
891 927 1
879 915 1
883 915 1
816 898 1
844 881 1
956 960 1
816 871 1
815 879 1
878 898 1
823 881 1
826 946 1
843 915 1
854 960 1
857 898 -1
946 1023 1
965 1023 1
863 877 1
854 856 -1
838 931 1
852 903 1
1011 1017 1
863 898 1
884 902 -1
819 839 1
835 840 1
868 960 1
862 882 1
862 915 1
832 854 1
876 956 1
879 912 1
956 967 -1
829 984 -1
909 915 1
815 931 1
852 931 1
895 984 1
897 898 1
822 843 1
898 983 1
857 931 1
839 892 -1
912 967 1
871 888 1
889 903 1
876 1023 1
829 854 1
816 832 1
840 927 1
843 879 1
822 839 1
834 931 1
889 965 1
862 898 1
852 964 1
1023 1033 1
815 902 1
843 967 1
838 984 -1
842 903 1
888 898 1
818 898 1
815 960 1
819 956 -1
889 891 1
931 1028 1
965 967 1
853 909 1
852 898 1
883 1011 1
839 840 1
967 984 1
844 898 1
844 931 1
829 1023 1
839 898 1
871 879 1
888 902 1
872 1011 1
902 912 1
833 909 1
833 902 1
833 904 1
877 1023 1
843 862 1
820 880 1
837 898 1
909 941 -1
826 898 1
903 1017 1
838 889 1
960 1028 1
843 854 1
834 967 1
878 896 1
843 902 1
836 876 1
883 888 1
894 931 -1
883 946 1
856 902 1
862 880 1
816 902 1
850 915 1
823 857 1
815 983 1
834 898 1
815 850 1
833 870 1
832 852 1
823 984 1
854 915 1
838 1023 1
824 859 1
965 1033 1
879 1016 1
820 889 1
829 960 1
927 941 1
839 868 1
833 914 1
927 967 1
889 1016 1
859 960 1
881 906 1
820 882 1
846 964 1
903 964 1
833 906 -1
879 967 1
896 964 1
833 983 1
815 876 1
815 816 1
843 931 1
828 1023 1
836 878 1
892 912 1
826 844 -1
840 967 1
838 891 1
838 915 1
898 913 -1
883 931 1
819 896 1
909 1017 1
859 1016 1
816 912 1
842 1016 1
871 902 1
816 833 1
819 879 1
855 946 -1
876 1028 1
824 876 1
820 1017 1
878 1028 1
898 1007 1
817 846 1
816 843 1
898 901 1
822 879 1
846 909 1
816 856 1
820 898 1
815 838 1
872 964 1
896 967 1
822 882 1
822 914 -1
862 872 1
819 927 1
876 885 1
850 891 1
832 872 1
927 1011 1
882 898 1
846 1016 1
895 927 1
846 984 1
856 863 1
815 852 1
840 1033 1
824 829 1
1027 1028 1
820 902 1
871 898 1
843 1011 1
859 896 1
835 946 1
844 895 1
839 1011 1
815 872 1
820 863 1
823 946 1
1023 1027 1
852 912 1
881 889 1
870 898 1
819 868 1
889 956 1
852 916 1
854 879 1
856 884 1
852 896 1
839 946 1
856 888 1
889 902 1
822 906 -1
854 967 1
879 898 1
834 1011 1
883 898 1
846 931 1
856 967 1
842 862 1
843 898 1
876 889 1
896 902 1
889 916 1
1016 1017 1
893 898 1
824 1023 1
852 967 1
909 1011 1
965 1017 1
829 883 1
889 915 1
816 967 1
822 857 -1
840 846 1
868 967 1
833 850 1
883 960 1
837 906 1
898 927 1
815 853 1
863 889 1
815 871 1
836 898 1
817 946 1
946 1017 1
838 881 1
863 967 1
888 895 1
915 965 1
915 1023 1
824 1027 1
819 888 1
915 1028 1
832 883 1
817 964 1
927 964 1
819 838 1
898 902 1
834 872 1
862 927 1
833 881 1
817 1027 1
898 960 1
852 902 1
823 891 1
833 871 1
870 964 1
863 1016 1
840 886 1
898 912 1
896 1017 1
822 1017 1
833 838 1
855 898 -1
898 916 1
843 871 1
872 1016 1
815 883 1
872 927 1
852 878 1
891 915 1
888 967 1
870 891 1
838 846 1
859 898 1
823 838 1
819 829 1
903 909 1
878 1023 1
868 1027 -1
863 902 1
846 1011 1
877 884 1
818 956 -1
909 1016 1
840 903 1
834 838 1
817 824 1
1011 1033 1
914 1017 -1
816 842 1
860 898 1
880 898 1
834 871 1
817 965 1
824 891 1
819 852 1
846 877 1
898 909 1
862 965 1
872 896 1
833 880 1
885 898 1
870 965 1
822 872 1
849 892 1
862 984 1
903 965 1
902 1017 1
964 984 -1
817 891 1
876 898 1
872 879 1
834 870 1
854 860 1
833 846 -1
829 846 1
840 964 1
815 839 1
838 1017 1
856 871 1
815 843 1
888 1023 -1
1017 1033 1
903 1016 1
823 960 1
867 898 1
888 889 1
891 965 1
862 891 1
872 898 1
816 889 1
946 964 1
843 870 1
846 1023 1
863 1017 1
856 916 1
828 846 1
829 898 1
829 852 1
844 960 1
891 964 1
854 863 1
894 1016 -1
839 960 1
898 914 1
829 1027 1
824 931 1
927 1016 1
1011 1023 -1
854 872 1
820 840 1
840 1027 1
872 902 1
840 915 1
854 984 1
815 909 1
946 1033 1
931 965 1
931 1023 1
872 960 1
856 881 1
835 960 1
859 1023 1
820 967 1
849 863 1
840 862 1
834 902 1
819 857 1
850 903 1
846 960 1
868 902 -1
965 1016 1
895 896 1
927 960 1
819 941 -1
871 914 -1
956 964 -1
834 916 1
898 1023 1
843 909 1
838 903 1
819 1028 1
833 876 1
820 904 1
889 931 1
886 898 1
839 909 1
833 915 1
868 1016 1
843 916 1
838 1011 1
863 888 1
846 915 1
845 956 -1
898 1027 1
882 1023 1
855 1023 1
824 838 1
816 863 1
824 832 1
836 895 1
817 840 1
896 965 1
852 882 1
822 965 1
838 964 1
889 898 1
872 876 1
816 872 1
817 898 1
984 1011 1
902 906 1
840 1016 1
840 984 1
879 965 1
909 956 1
852 871 1
844 845 1
854 909 1
862 967 1
853 1011 1
829 844 1
844 1027 -1
914 956 -1
893 906 -1
824 846 1
883 1027 1
956 984 -1
891 931 1
844 915 -1
838 956 -1
836 967 1
819 884 1
888 1027 1
876 909 1
882 889 1
830 833 1
894 967 -1
871 889 1
840 891 1
869 898 1
829 872 1
822 884 1
833 931 1
843 876 1
832 889 1
889 960 1
915 1017 1
931 1008 1
924 962 1
934 1017 -1
992 998 1
989 998 1
939 1044 -1
998 1035 -1
993 1025 1
930 1042 1
993 1045 1
958 1010 1
995 1043 1
937 974 -1
959 1025 1
1010 1042 1
938 999 1
946 1043 1
993 1020 1
937 1011 1
934 981 1
1001 1014 1
1010 1017 1
926 946 1
925 998 1
945 989 1
931 937 1
917 1000 1
1010 1011 1
920 921 1
925 1036 1
945 1015 1
1011 1042 1
1041 1049 1
931 997 1
951 1027 1
940 962 1
960 969 1
924 1031 -1
966 998 1
978 984 1
929 994 1
944 964 1
944 1027 1
988 1015 1
980 1032 1
998 1048 -1
945 999 1
1008 1025 1
1016 1037 1
931 1042 1
974 1020 1
930 1041 -1
930 958 -1
964 988 1
956 1041 1
929 1043 1
931 1043 1
951 974 1
955 998 1
970 1018 1
922 962 1
1019 1031 -1
940 975 1
934 960 1
978 1043 -1
1019 1043 -1
958 964 1
930 1024 1
925 999 1
922 976 1
930 963 1
924 994 1
941 945 -1
1026 1033 1
958 1020 -1
963 991 1
922 945 1
948 1043 1
948 1040 -1
998 1023 1
967 1012 1
929 950 1
1018 1049 -1
995 1021 1
931 950 1
1010 1025 1
930 1029 1
1031 1041 1
945 1014 1
977 1018 -1
962 998 1
926 948 1
921 967 1
988 1038 1
1042 1048 -1
935 1014 1
1000 1043 1
1001 1026 1
973 982 -1
1017 1025 1
973 980 1
1001 1020 1
960 1019 1
924 1000 1
971 1003 1
984 987 -1
918 1003 1
931 944 1
944 1020 1
990 998 -1
924 929 1
974 998 1
973 999 1
952 964 1
998 1014 1
943 948 1
924 956 -1
940 958 1
956 1014 1
1018 1029 1
962 999 1
945 959 1
948 1018 -1
991 1027 -1
918 951 1
963 1033 1
944 967 1
951 994 1
936 974 1
1017 1041 -1
937 960 1
982 996 1
969 998 1
931 1047 1
946 970 1
984 1015 -1
960 976 1
1029 1033 1
950 1003 1
978 1000 1
997 1048 1
992 1020 1
994 1031 1
940 1031 1
964 1035 1
961 967 1
929 978 1
948 1032 1
974 1033 1
970 977 1
987 996 1
940 1010 1
974 1032 1
951 1000 1
929 940 1
993 995 1
930 972 -1
929 1016 1
958 967 1
951 1010 1
974 1041 1
929 1028 1
929 951 1
930 957 1
925 988 1
991 1037 1
945 986 1
981 998 1
946 978 1
998 1049 1
929 944 1
1027 1029 1
979 1021 1
957 998 1
940 1018 1
934 1034 1
1007 1025 1
928 1014 1
1010 1043 1
973 984 -1
1016 1021 1
977 1015 1
974 999 1
995 1012 1
920 940 1
1035 1041 1
1042 1043 1
967 1010 1
937 943 1
944 1011 1
930 1015 1
958 1031 1
967 997 1
992 1031 1
998 1012 1
981 1048 1
918 987 1
939 1023 1
937 991 1
1015 1020 1
966 986 1
988 1011 1
960 970 1
918 1035 1
938 1010 1
926 1001 1
929 960 1
974 1023 1
930 978 1
953 1001 1
941 973 -1
963 1027 1
1025 1037 1
958 974 -1
921 949 -1
973 995 1
926 1025 1
974 1014 1
958 1011 1
951 1021 1
962 995 1
938 1042 1
951 964 1
960 999 1
991 995 1
977 998 1
922 959 1
939 941 -1
934 1016 1
944 1021 1
918 1020 -1
931 1029 1
941 1024 -1
965 998 1
966 1031 1
984 998 1
995 1039 1
977 1000 -1
958 1025 1
1025 1035 -1
976 1027 1
937 962 1
929 966 1
973 997 -1
983 1021 1
1036 1049 -1
998 1039 1
944 1016 1
965 1046 1
936 965 1
918 941 -1
936 984 1
970 972 1
946 995 1
930 953 1
1015 1022 1
937 1049 -1
926 987 1
996 1033 1
925 1025 1
966 1011 1
1000 1035 1
976 1028 1
1014 1025 -1
1011 1029 1
973 1043 -1
945 1047 1
961 1014 1
940 1037 1
976 993 1
971 1015 1
930 1019 -1
925 1017 1
1011 1015 1
958 1016 1
994 1001 1
981 987 1
947 995 -1
925 972 1
923 1043 -1
926 951 1
992 1007 1
943 960 1
996 1027 1
923 929 1
998 1047 1
1027 1037 1
924 998 1
961 996 1
940 952 1
940 987 -1
973 1014 1
1008 1028 1
964 966 1
924 991 1
982 991 1
927 1010 1
921 1029 1
951 1001 1
968 1025 1
998 1042 1
973 996 1
928 963 1
962 1033 1
1020 1041 -1
961 980 1
1019 1033 -1
958 996 -1
946 988 1
925 940 1
998 1043 1
956 987 -1
917 1018 1
930 937 1
976 994 1
965 1038 1
926 998 1
957 1010 1
960 997 1
924 945 1
943 1027 -1
973 987 1
957 1042 1
977 987 1
940 1036 1
956 1025 1
928 974 1
959 1022 1
994 1011 1
934 1011 1
1033 1041 1
930 994 1
979 998 1
1003 1007 1
942 998 1
998 1004 1
940 1035 1
922 1045 -1
988 996 1
1032 1043 1
948 1037 1
926 1033 1
981 1046 1
936 981 1
937 977 1
991 1031 1
998 1005 1
1027 1047 1
944 973 1
964 1014 1
925 938 1
985 1017 1
927 987 1
1027 1041 1
936 993 -1
999 1024 -1
921 960 1
945 951 1
929 930 1
952 960 1
930 956 -1
924 943 1
981 1029 1
987 999 1
925 1020 1
978 998 1
935 1015 1
963 1001 1
978 1033 1
946 950 1
937 1039 1
994 1033 1
930 998 1
928 994 1
951 1003 1
924 939 1
951 956 1
1000 1037 1
1039 1042 1
925 966 1
1010 1037 1
951 999 1
984 1025 -1
929 1037 1
998 1045 1
931 1013 1
924 977 -1
935 976 1
927 1037 1
931 973 1
973 1020 1
994 1027 1
929 1033 1
951 972 1
938 1032 1
1011 1037 1
982 1023 1
973 1019 1
931 1032 1
943 959 1
970 998 1
927 951 1
1029 1041 1
922 986 1
924 937 1
978 980 1
929 977 1
1025 1040 -1
991 1022 1
958 973 1
980 998 1
933 996 -1
1004 1038 1
956 998 1
948 975 1
1006 1027 1
925 1029 1
924 974 1
921 924 1
998 999 1
924 993 1
995 1006 1
918 1027 -1
924 1035 -1
930 1006 1
995 1010 1
978 1027 1
922 1043 1
965 1025 1
1025 1048 -1
1021 1037 1
940 946 1
974 994 1
929 1048 -1
964 1037 1
1001 1037 1
924 959 1
972 1027 1
941 1000 -1
926 1010 1
1014 1031 1
931 994 1
995 1011 1
931 934 1
930 1011 1
948 1021 1
1010 1019 1
966 974 1
944 1005 1
941 1018 -1
964 1043 1
922 1018 1
926 996 1
960 1032 1
979 986 1
994 1021 1
974 1015 1
939 948 -1
936 987 1
929 1010 1
930 991 -1
931 978 1
946 991 -1
1021 1027 1
933 987 1
929 931 1
967 1032 1
945 991 1
920 1041 1
920 1014 1
999 1000 1
993 1015 1
948 1006 1
944 977 1
1018 1025 -1
944 972 1
1041 1048 1
967 1008 1
1011 1043 1
948 978 1
960 1037 1
922 946 1
929 980 1
977 988 1
969 1003 1
948 972 1
924 1010 1
964 1047 1
969 1025 1
929 1042 1
921 998 1
964 981 1
966 1049 1
987 988 1
922 974 1
981 1027 1
998 1040 -1
958 999 -1
995 998 1
960 973 1
953 1027 1
927 974 1
993 1026 1
977 1010 1
999 1014 1
938 1027 1
1006 1020 1
939 999 1
921 1046 1
986 1031 1
952 1012 1
948 1048 1
984 1010 1
936 995 1
929 1001 1
1010 1020 1
931 1021 1
945 976 1
925 1037 1
998 1033 1
993 1041 -1
950 1025 1
963 974 1
973 998 1
998 1002 1
960 1024 1
978 1010 1
995 1045 1
917 1047 1
946 1003 1
933 998 1
938 1028 1
946 1025 1
959 974 1
984 994 1
1001 1044 1
995 1032 1
941 1021 1
1023 1043 1
930 945 1
964 1021 1
1001 1021 1
1016 1029 1
920 1000 1
960 1001 1
944 1006 1
937 999 1
940 1025 1
978 1011 1
933 1046 1
966 977 1
962 967 1
924 1045 -1
952 995 1
1014 1037 1
1010 1031 1
999 1010 1
1011 1021 1
945 948 -1
928 929 1
944 1017 1
940 1043 1
952 998 1
988 998 1
925 1027 1
1024 1027 -1
974 993 1
1021 1025 1
949 1010 1
929 1045 1
1004 1023 1
924 958 1
987 1023 1
973 1032 -1
925 995 1
931 1037 1
924 992 1
922 1003 1
960 963 1
934 967 1
926 944 1
943 1024 1
971 1043 1
971 1027 -1
950 1027 1
997 998 1
998 1034 1
917 924 1
943 1022 1
926 1005 1
930 943 1
964 990 -1
992 1042 1
996 998 1
973 1027 1
980 1037 1
988 1033 1
922 972 1
948 1017 1
922 996 1
973 1036 1
983 1029 1
974 1037 1
945 969 1
944 1001 1
925 959 1
926 958 1
961 1017 1
967 982 1
929 956 1
926 992 1
967 1019 1
972 1016 1
928 1021 1
929 953 1
928 956 1
967 981 1
991 1014 1
963 1024 1
943 1000 1
973 993 1
952 1000 1
999 1043 1
981 1011 1
924 990 1
966 1042 1
938 981 1
942 992 1
958 1001 1
979 1035 -1
917 951 1
942 1007 1
937 995 1
1015 1042 1
940 1045 1
918 937 -1
967 968 1
960 978 1
925 934 1
940 1016 1
952 1023 1
946 1029 1
948 950 1
974 995 1
943 969 1
961 971 -1
930 974 1
1003 1042 1
957 1027 1
943 945 1
930 993 1
940 970 1
1031 1045 1
944 1046 1
971 1000 1
980 991 1
1031 1049 1
944 951 1
922 967 1
930 992 1
1007 1020 1
973 1011 -1
926 1003 1
931 953 1
924 927 1
926 999 1
930 959 1
951 1031 1
946 959 1
960 1048 1
944 952 1
960 962 1
931 963 1
923 1021 1
981 1016 1
985 998 1
960 1044 -1
945 1021 1
944 980 1
931 998 1
925 942 1
932 1027 1
925 1028 1
933 1025 -1
937 952 1
1022 1041 1
967 970 1
969 1027 1
932 1036 1
960 1042 1
1032 1039 1
929 974 1
985 1046 1
930 986 1
920 1043 1
925 944 1
946 948 1
971 987 1
952 958 1
946 961 1
960 1029 1
976 998 1
957 995 1
950 1011 1
965 1010 1
931 1046 1
998 1008 1
932 1028 1
956 980 1
957 1020 1
956 1010 1
948 974 1
941 1049 -1
974 1021 1
1012 1027 1
941 998 1
956 992 1
930 939 -1
918 1042 1
993 1019 -1
960 1047 1
928 1044 1
946 973 1
963 1003 1
925 1021 1
952 1029 1
929 1024 1
931 966 1
945 978 1
928 991 1
960 992 1
959 969 1
956 994 1
944 1035 1
930 1025 1
999 1049 1
984 1041 1
930 1010 1
994 999 1
946 1010 1
921 945 1
994 1022 1
996 1042 1
987 1024 -1
946 982 1
925 1016 1
1025 1049 -1
1003 1038 1
938 998 1
1008 1033 1
949 974 -1
929 957 1
968 1016 1
977 995 1
1010 1030 -1
930 971 1
956 966 1
991 1046 -1
974 1019 1
966 999 1
922 998 1
960 961 1
922 977 1
963 1031 1
938 1043 1
940 995 1
931 1012 1
952 1025 1
937 1032 1
1025 1046 1
1000 1025 -1
920 998 1
929 1003 -1
920 1049 -1
951 995 1
922 984 1
1029 1048 1
922 1046 1
958 1023 1
991 1047 1
1010 1033 1
968 998 1
951 952 -1
1027 1049 -1
997 1033 1
957 1011 1
1040 1045 -1
959 1028 1
967 1004 1
984 1014 1
943 1044 1
945 1007 1
929 996 1
960 968 1
918 930 1
943 991 1
987 1019 1
924 1024 1
959 962 1
973 1003 -1
1008 1027 1
979 1014 1
924 1040 -1
922 999 1
939 1014 1
960 996 1
960 998 1
938 995 1
929 993 1
960 971 1
931 1039 1
964 974 1
956 993 -1
959 1042 1
932 998 1
949 998 -1
921 1027 1
926 956 1
945 1000 -1
936 1032 1
967 973 1
995 1042 1
992 1033 1
936 945 1
986 999 -1
951 989 1
924 1013 1
963 999 1
956 1030 -1
941 1039 1
998 1015 1
930 1037 1
922 923 -1
974 991 -1
966 995 1
917 919 1
961 1042 1
923 1015 1
998 1024 1
937 946 1
995 1019 1
952 967 1
940 1027 1
931 1010 1
1027 1045 -1
948 1035 1
1003 1039 1
944 1034 1
987 1028 1
974 1035 1
932 1016 1
973 1033 -1
951 1036 1
937 1031 1
921 1003 1
942 995 1
930 1035 -1
1011 1013 1
988 997 1
928 1041 1
940 1013 1
929 962 1
986 1008 1
962 982 1
976 1031 1
962 979 1
924 969 1
968 987 1
941 1010 1
976 1046 1
952 1036 1
956 986 1
980 1010 1
934 1025 1
1033 1037 1
922 1001 1
926 929 1
960 975 1
960 1041 1
1006 1011 1
926 931 1
923 998 1
951 955 1
922 937 1
949 1000 -1
1013 1031 1
928 998 1
1015 1045 1
951 1033 1
929 1019 1
980 1042 1
953 998 1
922 995 1
940 972 1
956 1018 1
935 998 1
929 946 1
996 997 1
1006 1025 1
927 995 1
1008 1031 1
918 1033 -1
963 998 1
998 1036 1
940 944 1
958 1033 1
1033 1035 -1
939 960 1
926 980 1
974 1043 1
967 1035 1
939 945 1
998 1029 1
1003 1008 1
1000 1027 -1
970 994 1
998 1038 1
987 992 1
998 1013 1
945 1024 1
941 1003 1
932 967 1
1008 1017 1
929 1005 1
998 1028 1
1011 1025 1
948 951 1
930 1014 1
925 1033 1
917 990 1
921 1010 1
1020 1043 1
993 998 1
924 950 1
960 994 1
982 1027 -1
977 1016 1
944 1048 1
920 1010 1
972 1008 1
991 996 -1
984 1032 -1
943 1041 1
984 1039 1
959 998 1
956 1024 1
1014 1045 1
1036 1041 1
922 951 1
1001 1011 1
1019 1023 1
993 1001 1
931 1014 1
926 978 1
1018 1031 -1
939 1027 -1
999 1027 1
931 936 1
944 1042 1
952 982 1
922 952 1
946 1021 1
956 995 1
918 998 1
1012 1016 1
995 999 1
1031 1042 1
930 999 1
930 1049 -1
1001 1025 1
952 1014 1
946 1049 -1
948 1044 -1
948 998 1
1031 1043 1
951 982 1
992 1030 1
950 960 1
945 1025 -1
965 1035 1
961 998 1
986 995 1
948 1045 1
994 998 1
934 998 1
1021 1045 1
951 1016 -1
967 1006 1
928 939 1
960 1046 1
942 944 1
934 1036 1
1010 1032 -1
1025 1032 1
927 971 1
974 1016 1
926 1042 1
995 1037 1
973 1012 1
997 1020 1
929 999 1
931 999 1
998 1000 1
960 993 1
986 1045 1
925 931 1
948 1041 1
945 993 1
982 998 1
1024 1025 -1
924 970 1
924 1015 -1
944 1003 1
960 1021 1
992 1008 1
953 1042 1
948 956 1
956 1021 1
925 948 1
972 999 -1
970 1020 1
938 944 1
946 957 1
943 1025 -1
928 1007 1
948 999 1
937 1040 -1
922 940 1
946 998 1
941 1043 1
951 977 1
974 1027 1
937 1027 1
1021 1031 1
966 1020 1
937 1036 1
945 990 -1
951 984 1
989 1010 1
982 1033 1
921 930 1
920 944 1
939 1031 -1
919 987 -1
948 973 1
1010 1029 1
981 1004 1
952 1037 1
998 1030 1
961 973 1
948 958 -1
925 1010 1
995 1036 1
992 1025 1
995 1044 1
928 951 1
957 1023 1
978 999 1
1026 1027 1
986 996 1
982 994 1
922 992 1
995 1047 1
945 962 1
981 995 1
929 989 1
970 1031 1
956 1043 1
920 927 1
926 1007 1
937 959 1
941 1044 -1
969 1049 1
987 997 1
948 954 -1
940 960 1
1042 1049 1
944 999 1
921 1025 -1
945 1042 1
948 959 1
931 974 1
946 1039 1
965 1019 -1
944 960 1
973 1010 1
940 973 1
1005 1035 1
973 1001 -1
952 1027 1
956 974 -1
940 998 1
960 988 1
964 1032 1
1027 1032 1
995 1000 -1
1001 1015 1
956 1042 1
951 1042 1
933 938 -1
930 962 1
1032 1046 1
999 1042 1
920 966 1
922 1015 1
925 964 1
958 960 1
946 1019 -1
990 993 -1
937 998 1
924 1007 1
946 987 1
995 997 1
977 1017 1
948 1026 1
991 998 -1
930 997 1
942 1013 1
995 1049 1
960 991 1
969 984 1
945 994 1
998 1022 1
1016 1035 1
945 977 1
967 998 1
979 1047 1
974 1008 1
983 998 1
931 951 1
956 1015 -1
945 970 1
931 957 1
971 995 1
952 999 1
967 1043 1
993 1031 -1
953 999 1
998 1025 1
964 973 1
967 1046 1
978 995 1
958 1027 -1
960 966 1
928 940 1
945 960 1
1014 1027 1
994 1046 1
957 980 1
978 1036 1
948 952 1
961 1011 1
952 1021 1
924 951 1
920 941 -1
944 995 1
920 995 1
999 1017 1
924 952 1
950 977 1
995 1031 1
946 981 1
940 1029 1
960 1035 1
951 1049 1
987 1014 1
984 1004 1
922 963 1
1004 1016 1
973 1041 1
950 998 1
1023 1041 1
961 1025 1
936 998 1
971 1025 -1
995 1048 1
944 1036 1
931 996 1
984 1013 1
950 984 1
929 1046 1
967 1044 -1
957 1025 1
938 1011 1
969 997 1
988 1027 1
944 1033 1
956 996 -1
971 978 -1
946 1005 1
988 1003 1
958 995 1
917 994 1
977 1006 -1
938 967 1
1031 1032 1
944 1028 1
969 1042 1
998 1003 1
1024 1041 1
960 972 1
994 1041 -1
1010 1027 1
945 998 1
918 952 -1
1003 1015 1
958 963 1
992 1027 1
968 1015 1
929 1032 1
967 1029 1
1015 1025 1
922 1007 1
946 1032 1
943 1023 1
981 1033 1
920 951 1
975 988 1
927 998 1
1003 1024 1
974 1047 1
950 999 1
938 1029 1
924 986 -1
927 973 1
989 1018 1
1011 1032 1
996 1003 1
958 1028 1
943 1003 1
938 974 1
994 1029 1
1000 1031 -1
1010 1041 1
942 952 1
1019 1027 1
940 961 1
1005 1020 1
929 1000 1
1011 1039 1
925 1011 1
943 990 -1
929 1031 -1
943 974 1
982 1043 1
1014 1042 1
998 1016 1
924 1025 -1
966 1027 1
958 1043 -1
970 995 1
969 1005 1
975 1025 -1
941 962 1
996 1028 1
998 1026 1
929 973 1
1025 1039 1
929 1038 1
1021 1033 1
918 967 1
924 1006 -1
971 1018 -1
946 958 1
960 1012 1
949 956 1
937 1022 1
918 954 -1
988 994 1
924 976 1
921 984 1
953 1025 1
1024 1031 1
999 1032 1
966 1038 1
919 998 -1
924 1049 -1
930 969 1
929 1020 1
918 1043 1
987 991 1
963 1019 1
994 1010 1
1011 1014 1
938 960 1
978 1023 1
920 1035 1
958 994 1
1019 1025 -1
960 977 1
948 994 1
976 979 1
1000 1021 1
1016 1043 1
929 970 1
958 1003 -1
948 970 1
990 1025 -1
957 999 1
931 981 1
993 1003 1
975 977 -1
944 946 1
927 1036 1
1025 1041 1
945 995 -1
945 1045 1
982 1021 1
930 1018 1
1027 1040 -1
938 1014 1
940 1039 1
959 1003 1
974 1006 1
958 982 1
920 962 1
1023 1048 1
962 964 1
972 974 1
967 996 1
926 1027 1
939 998 -1
928 962 1
992 1003 1
922 1047 1
936 1012 1
950 1042 1
987 998 1
991 1045 1
960 1015 1
923 937 1
926 1008 1
931 938 1
937 1025 1
963 1029 1
989 993 1
937 945 1
998 1044 1
925 960 1
945 956 1
961 1003 1
941 1048 -1
1003 1018 -1
995 1024 1
960 1006 1
998 1009 1
922 931 1
960 1010 1
924 940 1
939 1012 -1
953 967 1
973 1037 1
930 976 1
1037 1038 1
931 968 1
971 973 -1
1021 1042 1
964 992 1
922 960 1
927 961 1
957 973 1
958 985 1
1003 1010 1
967 1013 1
922 924 1
960 1014 1
952 973 1
926 960 1
931 976 1
941 944 1
956 963 1
1027 1043 1
964 994 1
978 1031 1
961 1043 1
948 953 1
998 1019 -1
937 940 1
922 1049 1
921 1005 1
1028 1032 1
967 993 1
956 1029 1
972 1031 1
940 1019 1
967 1041 1
951 1024 1
930 1045 1
947 998 -1
946 1037 1
959 996 -1
929 945 1
998 1046 1
927 1000 1
959 960 1
1016 1026 1
977 1043 1
960 1004 1
930 951 1
989 1024 1
918 960 1
946 951 1
945 1041 1
998 1017 1
920 938 1
928 937 1
931 932 1
956 1049 -1
976 999 1
921 999 -1
962 1031 1
943 998 1
975 1027 -1
946 952 1
1028 1037 1
943 1042 1
1015 1027 1
969 995 1
974 1045 1
999 1016 1
944 1025 1
991 1023 1
987 1041 1
973 991 1
984 991 -1
995 1041 -1
973 1048 -1
945 974 1
946 980 1
981 1019 1
927 1025 1
960 1000 1
1033 1049 -1
959 987 1
964 968 1
922 1031 1
945 1031 -1
958 1022 1
983 1010 1
925 946 1
967 992 1
958 983 1
999 1025 1
926 1011 1
960 986 1
943 1019 1
960 1026 1
934 964 1
999 1008 1
964 1019 1
932 1037 1
953 973 1
968 1048 1
998 1027 1
952 1033 1
995 1029 1
948 987 1
986 987 1
932 960 1
922 1027 1
928 970 1
1011 1018 -1
1015 1031 -1
991 1044 1
929 967 1
940 945 1
995 1028 1
926 1030 1
982 1019 -1
931 1041 -1
924 978 1
934 987 1
938 1031 1
978 992 1
1043 1049 1
938 1000 1
922 993 -1
966 967 1
1014 1033 1
929 938 1
986 1014 -1
936 958 1
1032 1049 1
998 1032 1
975 998 1
937 948 1
998 1041 1
964 1006 1
917 998 1
973 975 1
1025 1036 -1
940 956 1
958 979 1
959 1027 1
924 1018 1
926 1016 1
991 1003 -1
925 961 1
952 1048 -1
987 1010 1
972 998 1
991 1025 -1
982 987 1
966 1043 1
974 1049 -1
944 998 1
1022 1035 1
929 948 -1
1007 1030 1
941 995 1
932 1048 1
982 1037 1
972 1037 1
945 958 1
959 1013 1
987 1017 1
998 1020 1
948 995 1
951 1006 1
961 995 1
940 1026 1
1000 1015 1
924 963 1
925 1031 1
986 998 1
976 1033 1
942 1043 1
929 1014 -1
929 1015 1
954 995 1
937 1010 1
939 1025 -1
998 1018 -1
977 993 1
924 1021 1
924 1029 1
999 1047 1
958 998 1
1027 1048 -1
1000 1029 1
960 1018 1
981 999 1
1009 1028 1
995 1008 1
954 998 -1
946 969 1
922 994 1
951 1011 1
960 981 1
986 1044 1
991 1017 1
953 960 1
931 988 1
932 1033 -1
943 956 1
957 1030 1
927 1042 1
941 951 1
1013 1022 1
1001 1004 1
1000 1041 1
987 1045 -1
998 1031 1
998 1006 1
998 1010 1
922 1000 1
929 998 1
922 929 1
930 966 1
1031 1044 -1
952 1042 1
959 1018 -1
963 1042 1
934 1033 1
956 982 -1
1000 1014 1
982 1041 1
945 1035 1
952 1011 1
967 1037 1
940 1012 1
919 967 -1
926 967 1
1010 1046 1
948 961 1
960 974 1
961 1021 1
998 1011 1
1027 1039 1
944 1029 1
996 1001 1
928 958 1
963 1000 1
939 1041 1
987 1032 1
999 1015 1
936 1017 1
945 1019 1
929 963 1
1006 1033 1
929 982 1
990 1022 1
956 1003 1
958 984 -1
994 1000 1
1027 1042 1
980 1008 1
999 1003 1
967 1001 1
1003 1049 -1
960 1049 1
984 996 1
1028 1048 1
987 1037 1
996 1011 1
940 991 1
975 981 -1
940 1009 1
1014 1039 1
1032 1042 1
984 1024 1
964 1044 -1
998 1021 1
922 930 1
959 1031 1
964 998 1
998 1001 1
946 977 1
917 937 1
922 1021 1
956 972 1
943 1035 1
1017 1029 -1
932 981 1
927 930 1
995 1013 1
1007 1013 1
996 1008 1
948 1028 1
1015 1049 1
958 987 1
987 1035 -1
1001 1046 1
957 960 1
951 960 1
981 1036 1
998 1007 1
936 967 1
944 961 1
950 993 1
921 931 1
1006 1023 1
929 986 1
917 995 1
945 1018 -1
932 973 1
950 1032 1
928 1035 1
974 1039 1
991 992 1
929 964 1
1006 1042 -1
929 1027 1
1037 1043 1
922 970 1
942 957 1
977 1026 1
937 1018 -1
948 1010 1
946 1024 -1
924 1041 -1
924 1039 1
1023 1025 1
963 984 1
948 1042 1
918 999 1
998 1037 1
967 1024 1
927 980 1
961 1034 1
945 992 1
926 973 1
971 998 -1
944 1010 1
970 1013 1
996 1043 1
967 988 1
1004 1011 1
994 1042 1
951 998 1
942 1037 1
930 967 1
1024 1042 1
929 1041 1
1032 1033 1
917 929 1
960 1036 1
988 1010 1
956 1022 1
