2501 4179
1 1631 -1
1 7 1
4 2491 1
7 2260 1
1631 2468 1
8 1631 1
8 2491 1
1631 2260 1
7 8 1
2260 2468 1
8 2260 1
1631 2491 1
7 2468 1
8 2468 1
12 14 1
13 14 1
14 1782 1
12 13 1
13 1782 1
1787 2485 -1
38 2219 1
22 38 1
38 291 1
1711 2123 1
1449 2123 1
2123 2244 1
1449 2324 1
30 2324 1
1787 2324 -1
2123 2219 1
38 1711 1
38 1947 1
2219 2501 1
973 2353 1
22 2501 1
30 38 1
26 28 1
38 2485 1
2324 2501 -1
38 878 1
1449 1711 1
2353 2501 1
36 2353 1
38 1787 -1
38 2371 -1
1711 2324 1
1947 2324 1
2244 2353 1
2123 2353 1
973 2324 -1
26 2219 1
38 2353 1
26 878 1
878 2501 1
38 2324 -1
1787 2501 -1
1947 2353 1
2358 2485 -1
1449 1947 1
2324 2371 -1
2244 2485 1
2123 2324 -1
2219 2324 1
29 2501 1
29 38 1
29 2324 1
28 38 1
38 2501 1
36 2501 1
1711 1787 1
38 1702 -1
973 2123 1
38 2244 1
38 973 1
38 2123 1
30 2219 1
2324 2353 1
33 38 1
878 2219 1
1787 2219 -1
36 38 1
2324 2485 1
1947 2501 1
26 973 1
1711 2485 1
2244 2501 1
2123 2501 1
2219 2353 1
26 2358 -1
2371 2485 1
38 2358 -1
26 38 1
38 1449 1
2244 2324 -1
2358 2501 -1
41 2494 1
1956 2494 1
2052 2494 1
2443 2448 1
41 1898 1
1956 2448 1
1898 1956 1
1898 2494 1
1898 2448 1
41 2448 1
2448 2494 -1
41 48 1
2443 2494 1
41 2443 -1
41 1956 1
41 2052 1
55 578 1
55 2086 1
55 1067 1
52 55 1
55 58 1
2086 2126 -1
53 55 1
55 1459 1
52 1459 1
55 61 1
55 2294 1
58 2294 1
61 2294 1
55 63 1
1459 2126 -1
55 2078 1
55 2337 1
55 1516 1
55 2126 -1
1067 2294 1
81 84 1
78 81 1
81 2146 1
81 1059 1
79 81 1
81 2294 1
81 1753 1
1555 1805 1
578 717 1
717 2465 1
67 81 1
717 2201 1
578 2201 1
717 1555 1
70 81 1
81 578 1
81 2185 1
81 1555 1
1805 1999 1
2201 2294 1
81 1805 1
81 2465 1
81 1501 1
1805 2294 1
1753 2201 1
1555 2201 1
65 81 1
81 2201 1
81 717 1
1501 2294 1
71 81 1
81 1999 1
1805 2201 1
86 87 1
86 1688 1
89 2491 1
91 1620 1
92 1872 1
95 2403 1
97 2488 1
101 102 1
767 2491 1
102 261 1
102 2491 1
102 767 1
103 2328 1
105 2404 -1
111 114 1
114 2195 1
114 2491 1
2294 2491 1
110 2221 1
2195 2294 1
2234 2491 1
114 2221 1
112 2491 1
110 114 1
112 2195 1
114 2234 1
2195 2491 1
114 115 1
114 2294 1
110 2294 1
112 2221 1
112 114 1
2234 2294 1
110 112 1
131 1461 1
198 2452 1
182 245 1
2231 2448 1
1059 1700 1
128 1700 1
2460 2491 1
973 2429 1
1449 2403 -1
2201 2412 1
192 2429 1
2201 2258 1
2400 2404 1
1137 2118 -1
191 2201 -1
2129 2467 1
973 2498 1
2219 2393 1
517 1676 1
2195 2201 1
230 1787 1
973 2122 1
2201 2244 1
2201 2318 1
1567 2452 1
131 2404 -1
1058 2318 1
162 1923 1
173 229 1
1995 2448 1
182 200 -1
169 2294 1
2448 2491 1
2460 2494 1
2322 2429 -1
131 2467 1
2056 2498 1
182 2052 1
182 1643 1
170 2411 1
192 1449 1
1817 2452 1
1643 2412 1
182 241 1
1058 2429 1
241 2339 1
182 224 1
270 2258 1
201 2366 -1
1461 2404 1
182 248 1
135 196 1
1831 2498 1
2322 2467 1
178 1787 1
2440 2498 1
224 2462 1
2448 2467 1
182 1059 1
2429 2462 1
2056 2491 1
2201 2322 1
182 209 1
2201 2494 1
2411 2462 1
1643 2258 1
154 2412 1
1790 2452 1
174 1058 1
1148 2201 1
1461 2219 1
182 939 1
2201 2393 1
230 2452 1
1059 1676 1
182 250 1
131 182 1
2429 2498 1
2429 2448 1
131 2412 1
866 2318 1
182 1700 1
131 2411 1
1058 2258 1
2404 2448 -1
1817 2429 1
2325 2440 1
1817 1900 1
1077 2429 -1
1817 2404 -1
170 2452 1
170 2052 1
866 2494 1
2359 2404 -1
517 2318 1
182 1831 1
2052 2404 1
182 1874 1
2244 2318 1
182 2412 1
1790 2429 1
1449 2467 1
2201 2358 1
2052 2366 1
517 2201 1
2452 2491 1
2288 2404 1
122 253 1
1148 2452 1
1868 2257 1
224 2491 1
170 2448 -1
1777 2440 1
223 2337 1
182 2318 1
2462 2498 1
2056 2448 1
1805 2339 1
2207 2231 1
2322 2412 1
134 182 1
2412 2448 1
2231 2294 1
162 2400 1
1620 2318 1
136 2201 1
1995 2412 1
182 268 1
2201 2448 -1
170 2460 1
128 1620 1
2201 2339 1
128 2244 1
182 192 1
2458 2491 1
200 201 1
1932 1995 1
2337 2393 1
1635 2403 -1
2325 2404 1
182 1923 1
1817 2025 1
1995 2318 1
2403 2462 -1
131 2462 1
2288 2498 1
182 2411 1
2219 2498 1
1643 1790 1
1700 2201 1
170 2412 1
2195 2404 1
118 210 1
270 973 1
182 2056 1
1077 2462 1
169 2393 1
221 2244 1
1643 2201 1
1635 2485 1
2294 2318 1
2025 2207 1
1137 2294 1
162 182 1
2494 2498 1
182 2393 1
1787 1817 -1
2201 2467 1
170 2318 1
266 1059 1
202 2412 -1
131 2359 1
136 2294 1
1058 2337 1
170 182 1
135 2318 1
1461 1787 -1
162 270 1
192 2460 1
2337 2460 1
134 2366 1
1995 2294 1
131 2056 1
2244 2288 1
182 2467 1
2366 2440 1
1787 2452 -1
1923 2467 1
134 2462 1
154 2462 1
182 1864 1
2404 2411 1
182 2201 1
2288 2448 1
128 1868 1
2201 2359 1
1932 2448 1
2244 2494 1
1995 2440 1
170 2322 1
1790 1831 1
178 182 1
1635 2404 1
819 2294 1
1444 2325 1
182 198 1
1777 2366 1
2404 2491 1
170 2393 1
1817 2318 1
182 1461 1
1620 2294 1
2318 2411 1
1868 1995 1
1995 2358 1
182 1787 1
224 2452 1
154 243 -1
1787 2359 1
192 2448 1
517 2452 1
2337 2467 1
2411 2429 1
1790 2318 1
137 182 1
1461 2244 1
162 2452 1
182 201 -1
128 1790 1
1461 2231 1
819 2429 1
2294 2322 1
2440 2448 1
2294 2448 1
1817 2467 1
182 1476 -1
170 2462 1
1059 2491 1
173 2201 1
154 182 1
2403 2412 1
182 1673 1
128 2452 1
170 178 1
174 2195 -1
1635 2491 1
1444 2318 1
2358 2491 1
2339 2412 1
122 182 1
1137 2201 1
2122 2485 1
182 1677 1
182 517 1
1777 2448 1
2207 2467 1
2337 2339 1
182 2337 1
1444 2411 1
1137 1995 1
2244 2448 -1
2025 2448 -1
2195 2411 1
182 257 1
1643 1995 1
270 2219 1
2288 2462 1
1868 2448 1
182 2118 1
196 1787 1
1995 2498 1
1643 1817 1
2118 2498 1
182 583 1
2452 2498 1
1461 2462 1
137 2452 -1
1549 2325 1
170 1700 1
200 2498 1
1101 2400 1
2366 2498 1
2404 2440 1
182 943 1
1461 2325 1
2337 2491 1
182 1676 1
2294 2458 1
170 2467 1
2219 2411 1
131 2244 1
182 2460 1
1620 2429 1
1444 2485 1
1643 2366 1
170 1058 1
182 1900 1
2201 2491 1
2201 2325 1
169 2491 1
1995 2339 1
135 182 1
2318 2448 1
178 2322 1
118 2448 1
182 1777 1
1058 2201 1
182 270 1
1461 1676 1
2207 2412 1
1148 2025 1
169 2129 1
182 2288 1
182 1932 1
200 202 1
118 2467 1
939 2448 1
182 259 1
154 1868 1
2429 2467 1
182 242 1
2462 2485 1
1620 2244 1
226 2056 1
1449 2129 1
1700 2318 1
2201 2288 1
1058 2411 1
154 2491 1
973 2462 1
517 1790 1
2318 2404 1
2258 2339 1
2025 2318 1
2258 2448 1
2448 2485 1
131 1995 1
819 2412 1
2366 2393 1
1059 1101 1
1864 2403 1
170 2404 1
182 2440 1
2294 2339 1
182 2294 1
1677 2452 -1
1643 2429 1
135 2366 1
131 2219 1
973 2366 1
973 2467 1
2339 2411 1
1923 2498 1
2244 2412 1
270 2366 1
1077 2452 1
2404 2498 1
246 2358 1
2448 2460 1
182 2207 1
2201 2404 1
2339 2358 1
131 2494 1
182 2491 1
2358 2462 -1
2052 2411 1
182 866 1
2201 2257 1
943 2288 1
136 2393 1
128 2404 1
1137 1805 1
1700 2359 1
2244 2294 1
973 2448 1
1059 2358 1
2201 2452 1
270 2452 1
182 2129 1
152 2393 1
170 2498 1
2258 2322 1
1676 1776 -1
2440 2485 1
1700 2411 1
260 2118 1
1677 2358 -1
973 2207 1
131 819 1
135 1790 1
1461 2318 1
1817 2056 1
1864 2358 -1
226 2491 1
192 1787 1
2325 2462 1
1831 2448 1
170 866 1
122 2498 1
206 2491 1
134 1101 1
2458 2485 1
162 2404 1
246 1620 1
2325 2467 1
866 2366 1
517 1787 -1
2129 2448 1
819 2201 1
1058 2056 1
169 1817 1
128 1461 1
939 2339 1
232 2294 1
2219 2258 1
2025 2403 -1
1868 2244 1
973 2491 1
583 2358 1
198 221 1
339 2318 1
128 2201 1
1461 2258 1
2288 2494 1
137 2358 1
131 1620 1
1995 2201 1
178 1101 1
170 2400 1
2201 2337 1
170 1148 1
2366 2494 1
162 2122 1
339 2337 1
1643 2318 1
2288 2366 1
2462 2494 1
137 2318 1
160 2448 1
2359 2467 1
1059 2337 1
2244 2359 1
182 2231 1
1635 2448 1
2231 2258 1
160 182 1
1635 1677 -1
118 2404 1
182 2122 1
182 1449 1
1643 2244 1
2207 2494 1
1148 1817 1
1700 2412 1
1790 2462 1
174 182 -1
2244 2467 1
182 2025 1
1148 1461 1
1817 2288 1
182 1635 1
243 2366 -1
973 2129 1
517 2467 1
198 2325 1
174 1635 1
1643 2359 1
120 182 1
229 2452 1
2207 2288 1
1777 2429 1
2325 2411 1
2231 2393 1
178 2452 1
221 2491 1
973 2494 1
1817 2294 1
192 1567 1
182 1444 1
1676 2318 1
973 2288 1
131 1676 1
866 2325 1
182 1995 1
939 2452 1
1643 2358 1
1700 2056 1
2052 2467 1
270 1461 1
182 2246 -1
152 182 1
270 1787 1
1643 2467 1
128 1995 1
182 243 1
2393 2485 1
1635 2366 1
2325 2452 1
1787 2440 -1
339 1643 1
182 196 1
2052 2207 1
2122 2448 1
136 2231 1
270 2467 1
1101 1461 1
1101 2246 -1
154 2201 1
182 1077 1
170 1995 1
1101 2452 1
1817 2411 1
2366 2460 1
1476 2452 -1
1444 2366 1
182 1827 1
517 2294 1
270 2494 1
2411 2448 1
182 246 1
517 2052 1
1676 2358 1
182 339 1
206 2201 1
234 1461 1
182 2462 1
2411 2452 1
1444 2448 1
128 2294 1
1101 2317 1
2358 2404 -1
134 2201 1
210 2207 1
1677 2404 -1
2412 2467 1
2052 2118 1
2258 2491 1
973 1635 1
1817 1995 1
939 2412 1
2366 2448 1
819 1137 1
2025 2246 -1
866 2452 1
1817 2366 1
173 264 1
200 2366 1
157 1549 1
2052 2429 1
131 1101 1
170 2358 -1
1476 2412 -1
1805 2337 1
1058 2294 1
1790 2129 1
198 2462 1
135 2412 1
866 2219 1
973 1444 1
162 2025 1
2052 2452 1
339 1790 1
182 1549 1
1635 2358 -1
1101 2322 1
182 1702 1
1046 1831 1
1620 1787 1
170 1620 1
268 2491 1
182 2257 -1
517 2429 1
128 517 1
1635 2317 1
1817 2448 1
192 2494 1
137 2056 1
1868 2201 1
2359 2448 1
1817 2231 1
1817 2412 1
973 2412 1
182 206 1
170 2325 1
1643 2411 1
1077 2491 1
170 1790 1
1864 2404 1
866 2412 1
160 2494 -1
1620 2201 1
131 2318 1
131 1777 1
2411 2467 1
224 2294 1
1449 2462 1
2288 2452 1
182 575 1
630 2339 1
182 630 1
134 1817 1
2258 2467 -1
1058 2358 1
2462 2467 1
270 866 1
162 2358 -1
154 2366 1
2412 2440 1
1700 2429 1
182 239 1
170 2201 1
2318 2452 1
1643 2491 1
1643 2452 1
134 2452 1
2294 2452 1
182 2404 1
1059 2025 1
135 2201 1
2467 2494 1
2201 2366 1
1868 2452 -1
182 244 1
182 1058 1
182 202 -1
2231 2244 1
1476 2322 1
2244 2403 -1
1676 2404 1
152 2258 1
2195 2400 1
1461 2359 1
973 2404 1
2052 2318 1
182 2429 1
1700 2491 1
2201 2440 1
1058 1995 1
1817 2201 1
1643 2494 1
2412 2462 1
2052 2219 1
1643 2288 1
630 2317 1
170 1635 -1
162 170 1
128 182 1
1461 2448 1
2317 2322 1
1461 2358 1
1790 2201 1
1461 1817 1
517 1461 1
229 2412 1
157 2294 1
2358 2452 1
182 2258 1
182 2485 1
2317 2411 1
182 221 1
182 2195 1
1635 2400 1
1449 2429 1
2052 2359 1
2288 2412 1
182 2244 1
1461 1790 1
270 517 1
1058 2462 1
2339 2359 1
1932 2452 1
182 1101 1
182 226 1
819 1676 1
131 2448 1
1676 2462 1
1461 2452 1
2404 2429 -1
2056 2339 1
1900 2462 1
1058 2448 1
943 2429 1
2325 2400 1
2201 2411 1
2219 2412 1
1776 2448 -1
1700 2452 1
339 1059 1
182 2494 1
1461 2491 1
1932 2462 1
131 2339 1
182 1148 1
583 2339 1
2452 2467 1
131 517 1
182 2477 1
223 2448 1
939 1449 1
1700 2404 1
1077 2337 1
1676 2393 1
1476 1817 -1
2452 2460 1
182 1805 1
1932 2288 1
182 2403 1
2318 2485 1
2366 2412 -1
182 2458 1
939 973 1
196 2339 1
2429 2485 1
1777 1817 1
1673 2462 1
1101 2491 1
131 2201 1
182 2339 1
1900 2467 1
128 2485 1
1059 1831 1
182 2317 1
2257 2411 1
2359 2452 1
2025 2201 1
182 232 1
182 819 1
1790 2219 1
1995 2122 1
1777 2207 1
182 253 1
134 2025 1
1995 2411 1
2056 2358 1
182 238 1
2325 2448 1
182 234 1
182 2322 1
182 230 1
196 2412 1
1932 2411 1
182 229 1
182 262 1
2404 2467 1
152 2201 1
201 2412 -1
2195 2403 1
1676 2452 1
1148 1805 1
2052 2056 1
182 210 1
182 191 -1
2052 2462 1
1101 2294 1
1868 2429 1
182 223 1
1868 2404 -1
1868 2411 1
182 1620 1
122 2339 1
122 2448 1
196 2452 1
1868 2025 1
182 2219 1
137 2404 1
819 2448 1
2294 2358 1
182 2448 1
2400 2403 1
201 202 1
819 1817 1
1077 2325 1
1817 2258 1
182 264 1
1676 2448 1
2429 2458 1
2359 2411 1
1900 2288 1
2448 2462 -1
202 2366 -1
182 247 1
2129 2491 1
1461 2201 1
131 1790 1
2025 2129 -1
2052 2294 1
1058 1148 1
1101 2318 1
2195 2317 -1
137 2201 1
517 1817 1
517 2359 1
169 182 1
131 1868 1
135 152 1
2322 2491 1
152 2366 1
517 2404 1
2056 2494 -1
206 2412 1
1787 2467 -1
517 2358 1
1817 2403 -1
128 2359 1
128 1101 1
2318 2358 1
1676 2325 1
1868 2467 1
2404 2452 1
128 2429 1
1137 2025 1
866 1635 1
2467 2498 1
1676 2201 1
1059 1461 1
1549 2201 1
206 2404 1
1101 2359 1
160 2288 -1
1777 2498 1
210 2404 -1
2411 2485 1
1059 2452 1
630 2494 -1
1635 2452 1
182 1567 1
182 256 1
196 2358 1
1643 2498 1
162 2491 1
182 1817 1
1995 2207 1
182 2359 1
1058 1700 1
517 1101 1
2219 2429 1
174 2411 -1
182 252 1
1444 2452 1
1676 1817 1
2294 2393 1
2411 2460 1
1444 2052 1
1995 2452 1
1787 2412 1
866 2258 1
170 1787 1
170 2440 1
182 1137 1
128 2339 1
192 1932 1
136 182 1
2358 2440 -1
1449 2460 1
1676 2257 -1
2288 2467 1
2052 2491 1
2318 2429 1
1476 2467 -1
339 2325 1
120 2491 1
1900 2412 1
182 1046 1
1567 2462 1
1790 2358 -1
154 1476 -1
2358 2448 1
2056 2318 1
2339 2429 1
1700 2440 1
1449 2288 1
1932 2498 1
2025 2404 -1
2429 2460 1
1101 2462 1
2440 2467 1
182 2452 1
1635 2429 1
206 2358 -1
943 2491 1
1673 2246 -1
2412 2460 1
1700 2325 1
2195 2322 1
2056 2195 1
128 2219 1
1058 1676 1
162 1635 1
131 2452 1
174 2404 -1
2318 2462 1
182 1776 -1
1995 2458 1
2411 2412 1
2129 2412 1
270 2448 1
2452 2462 1
182 263 1
128 136 1
178 2195 1
170 174 -1
2403 2404 1
2339 2404 1
2118 2494 1
2440 2494 1
270 2318 1
2231 2337 1
1787 2498 1
2052 2201 1
2318 2339 1
2195 2462 1
1900 2494 1
1461 2025 1
2318 2460 1
270 2322 1
2467 2485 1
2294 2460 1
1461 2440 1
192 2339 1
2129 2393 1
182 2498 1
1058 2452 1
866 2448 1
1643 2448 1
1700 2219 1
182 2358 1
2294 2462 1
2403 2494 -1
1643 2219 1
2358 2411 1
1567 2318 1
162 2317 1
2288 2403 -1
2257 2462 1
174 1677 -1
1137 1817 1
2318 2359 1
1567 2195 1
270 2404 1
1137 2429 1
2294 2429 1
1620 2231 1
2246 2462 -1
182 261 1
134 2412 1
1831 2412 1
2358 2467 1
2244 2452 1
1046 1700 1
135 2244 1
182 2400 1
209 2056 1
1476 2025 -1
178 2491 1
1101 1790 1
135 2219 1
154 169 1
1676 2412 1
223 2219 1
2429 2491 1
939 2491 1
1461 1635 1
128 2491 1
2358 2359 1
1787 2462 1
1790 2325 1
575 2294 1
1449 2201 1
1700 2462 1
131 2294 1
2358 2460 1
1137 2393 1
2195 2452 1
2477 2494 1
134 2404 1
2318 2325 1
2201 2485 1
1995 2258 1
182 266 1
1476 2366 -1
1776 1817 -1
182 2366 1
224 1787 1
1444 2494 1
1148 2244 1
2258 2366 1
2244 2404 -1
2201 2403 1
1444 2207 1
264 2462 1
1449 2025 -1
206 2129 1
135 2322 1
157 182 1
1787 2411 1
182 973 1
2339 2452 1
173 182 1
1676 2485 1
266 1567 1
128 1059 1
229 2411 1
1790 2448 1
170 2195 1
174 2440 1
2318 2491 1
2448 2458 1
2448 2452 1
2025 2244 1
2337 2429 1
1635 2195 1
1900 2448 -1
157 2491 1
2122 2219 1
1101 2201 1
973 2393 1
2317 2404 -1
182 1223 1
200 2412 -1
866 1643 1
2322 2366 1
206 1476 -1
182 2325 1
2359 2498 1
1635 2219 1
232 2288 1
191 2366 -1
1817 2462 1
262 1148 1
2195 2359 -1
170 1461 1
1995 2219 1
2201 2429 1
137 2448 1
1444 2400 1
182 1868 1
182 260 1
1676 2025 1
118 182 1
191 2448 -1
196 2219 1
2122 2467 1
517 1643 1
182 1790 1
2219 2448 1
270 2359 1
131 2358 1
1101 1676 1
206 2429 1
266 2294 1
162 2448 1
271 2491 1
274 280 1
280 2376 1
280 1879 1
280 2443 -1
280 2281 1
280 797 1
2281 2443 1
797 1869 1
277 2494 -1
791 2281 1
791 1869 1
280 1869 1
2376 2494 1
277 2281 -1
280 791 1
277 280 1
280 2494 1
1879 2494 1
797 2443 -1
277 2376 1
791 2376 1
2281 2376 1
277 2443 -1
274 1879 1
274 2281 1
285 2353 1
288 2497 1
288 1877 1
286 288 -1
295 297 1
295 1498 1
295 2004 1
295 1080 1
295 1760 1
295 298 1
290 295 1
291 295 1
301 2429 1
301 2201 1
301 2294 1
1805 2153 1
301 1805 1
301 2153 1
301 2491 1
2153 2294 1
301 306 1
306 2201 1
2153 2201 1
307 1457 1
311 1137 1
311 2294 1
311 2221 1
314 1318 1
314 2174 -1
317 2460 1
318 1571 1
321 2385 1
323 1790 1
327 1995 1
323 327 1
323 1995 1
323 2385 1
323 1930 1
323 328 1
323 1077 1
330 2494 1
335 1688 1
332 338 1
332 335 1
336 1688 1
337 1688 1
332 1688 1
332 336 1
332 2501 -1
332 337 1
340 341 1
339 340 1
354 1944 1
1944 2461 1
344 349 1
1076 2443 1
352 355 1
349 1864 1
349 354 1
343 349 1
349 1944 1
349 1843 1
1076 2461 1
355 1944 1
349 2349 1
349 2461 1
1076 2349 -1
349 351 1
1076 1864 -1
349 1076 1
2349 2443 1
349 355 1
349 2443 -1
349 352 1
356 357 1
358 360 1
360 2491 1
360 2195 1
363 1498 1
364 365 1
368 2376 1
2376 2500 1
368 2500 1
371 372 1
371 630 1
370 371 1
375 1805 1
375 377 1
375 1540 1
375 378 1
375 1546 1
379 2440 1
381 2443 -1
384 2500 1
385 386 1
386 2494 1
388 389 1
391 2440 1
393 2491 1
395 2491 1
397 2404 1
398 2448 1
398 2491 1
401 2359 1
401 2469 1
404 2440 1
408 1396 1
408 2331 1
410 1396 1
408 409 1
408 410 1
411 2443 1
413 414 1
416 2491 1
420 1176 1
420 988 1
419 420 1
422 1101 1
423 424 1
424 426 1
424 2328 1
435 2201 1
831 2469 1
435 2469 1
831 2411 1
435 2411 1
430 435 1
435 1250 1
435 831 1
435 1059 1
435 1080 1
435 2465 1
437 2400 1
1869 2400 1
437 2404 1
437 1869 1
437 1657 1
1657 2400 1
1869 2404 1
1657 1869 1
1657 2404 1
443 2264 1
443 2491 1
443 444 1
447 1240 1
449 2452 1
450 451 1
453 620 1
455 456 1
456 1466 1
457 1466 1
455 457 1
456 457 1
455 1466 1
1648 2375 1
2309 2403 1
465 2309 1
1899 2404 1
1788 2404 1
470 2403 1
472 2403 1
474 2404 1
472 1788 1
470 1788 1
1648 1899 1
466 467 1
463 2058 1
1788 2375 1
1899 2058 1
1665 2309 1
1665 2403 1
467 1665 1
470 2309 1
1665 1899 1
467 2375 1
467 2403 1
472 2375 1
2375 2403 1
2404 2405 -1
1665 2404 1
467 1648 1
463 2375 1
2058 2404 1
1899 2403 1
1665 2058 1
467 2404 1
470 2375 1
1648 2058 1
1665 2375 1
1788 2403 1
467 2309 1
2309 2375 1
470 2404 1
2058 2375 1
1665 2405 1
2309 2404 1
458 467 1
1648 2404 1
467 2405 1
1648 2403 1
1665 1788 1
472 1648 1
1899 2405 1
463 1648 1
1788 2058 1
467 1788 1
2375 2404 1
1648 2405 -1
1648 1665 1
467 474 -1
472 2405 -1
467 1548 -1
458 472 1
463 1665 -1
1648 1788 1
2375 2405 1
470 1899 1
463 467 1
2403 2405 1
1899 2375 1
463 2404 1
467 477 1
467 1899 1
1548 2403 -1
465 2404 1
466 2404 1
465 467 1
463 1899 1
467 470 1
467 472 1
1548 2404 -1
1548 1648 -1
472 2404 1
465 2058 1
467 2058 1
1548 2375 -1
463 472 1
472 1665 1
481 1459 1
481 2004 1
479 2174 1
481 2174 -1
479 481 -1
483 2294 1
485 2048 1
497 1631 1
1756 2498 1
494 2491 1
494 497 1
2324 2498 1
497 500 1
1756 2358 1
497 2295 1
1756 2491 1
500 2201 1
2201 2324 1
497 1756 1
497 2498 1
497 2366 1
2324 2366 1
491 497 1
497 2201 1
1631 2201 1
497 2491 1
497 2324 1
497 2358 -1
500 2324 1
1711 2201 1
497 1711 1
2078 2407 1
502 2407 1
2078 2491 1
502 2078 1
2407 2491 1
502 2491 1
505 615 1
508 2353 1
509 510 1
511 1058 1
511 2452 1
514 2491 1
524 2485 -1
524 1817 -1
2448 2501 1
2412 2501 1
521 1787 1
521 2501 -1
525 2324 -1
524 1787 1
521 526 -1
517 524 -1
524 2501 -1
1711 2412 1
525 2485 -1
521 524 1
521 2324 -1
524 1711 1
521 1817 -1
524 2448 1
524 2412 1
1711 1817 1
525 1817 -1
521 525 1
526 1787 -1
524 2324 -1
1817 2501 1
524 525 1
521 2485 -1
517 521 -1
525 1787 1
521 1711 1
2324 2448 -1
521 2412 1
517 2501 1
524 526 -1
2324 2412 -1
525 2501 -1
529 2491 1
535 2153 1
531 535 1
1510 2153 1
534 535 1
535 1510 1
536 2443 -1
536 903 1
536 1937 1
541 1643 1
541 2107 1
541 1058 1
544 545 1
546 2404 1
550 2443 1
563 2353 1
2412 2500 1
2258 2500 1
931 2443 1
2443 2501 1
2383 2385 1
563 2500 1
2383 2443 -1
2353 2412 1
2353 2443 1
2324 2462 1
2383 2473 1
2258 2383 1
2443 2462 1
2500 2501 1
563 2501 1
563 565 1
563 1700 1
1995 2443 1
565 2324 1
2258 2385 1
563 2258 1
1995 2473 1
1995 2500 1
565 2500 1
931 2324 1
2353 2473 1
2353 2500 1
2258 2353 1
2443 2473 1
2443 2500 1
2383 2462 1
2324 2383 1
2385 2462 1
563 2385 1
2258 2473 1
565 2412 1
2258 2501 1
1700 2443 1
563 931 1
1995 2383 1
2412 2443 1
563 1995 1
1700 2353 1
550 563 1
931 2500 1
563 2324 1
2325 2443 1
563 2443 1
2324 2500 1
565 2501 -1
931 2412 1
563 2219 1
563 2462 1
563 2383 1
1700 2500 1
1995 2501 1
2462 2500 1
2462 2473 1
563 2325 1
2122 2443 1
2325 2473 1
563 2412 1
2383 2412 1
2325 2353 1
2122 2500 1
2412 2473 1
2324 2473 1
563 2122 1
2324 2443 1
2258 2324 -1
2219 2473 1
563 2473 1
575 580 1
568 580 1
580 583 1
580 2488 1
580 2222 1
580 1097 -1
570 580 1
572 580 1
2153 2222 1
578 2488 1
580 2153 1
2153 2337 1
1094 1097 1
574 580 1
578 580 1
580 2337 1
580 1094 -1
569 580 1
571 580 1
590 596 1
587 590 1
589 590 1
586 590 1
595 1043 1
590 2404 1
590 1043 1
590 595 1
585 590 1
590 594 1
590 592 1
590 593 1
584 590 1
1884 2412 1
601 2494 -1
601 2412 -1
601 1884 1
601 2443 1
1884 2494 1
1884 2443 1
599 1884 1
599 2412 -1
599 601 1
605 1495 1
604 605 1
606 2443 -1
608 2408 1
612 613 1
612 1106 1
611 612 1
613 1106 1
614 615 1
617 2491 1
618 1923 1
618 620 -1
622 1526 1
623 2153 1
623 1999 1
625 2294 1
623 2294 1
623 625 1
625 2153 1
628 1960 1
628 630 1
631 1151 1
634 1399 -1
634 1817 -1
634 2412 -1
1034 2126 -1
634 2455 -1
634 2126 -1
2126 2412 1
642 2412 1
1034 2025 -1
634 2025 -1
634 637 -1
634 642 -1
1034 1399 -1
634 1034 1
643 2353 1
643 2123 1
643 2500 1
2123 2294 1
643 2219 1
2123 2500 1
643 2417 1
2123 2126 1
643 2126 1
2126 2219 1
643 2294 1
1859 2456 1
653 2456 1
653 1859 1
657 907 1
655 657 1
657 2407 1
658 2443 -1
661 1196 1
660 661 1
665 2105 1
663 665 1
663 2105 1
2004 2086 1
666 2086 1
666 668 1
666 2004 1
2353 2363 1
670 671 1
670 2363 1
670 2353 1
674 675 1
676 677 1
675 676 1
674 677 1
675 677 1
674 676 1
679 2440 1
680 681 1
682 683 1
687 1101 1
687 2195 1
687 2491 1
688 2412 1
701 790 1
693 701 1
701 907 1
701 704 1
700 701 1
2106 2491 1
699 701 1
701 703 1
701 1072 1
697 2491 1
701 705 1
701 2232 1
696 701 1
695 701 1
790 2491 1
704 2491 1
703 2491 1
907 2491 1
701 2106 1
700 2491 1
1072 2491 1
695 2491 1
697 701 1
701 2491 1
709 1859 1
709 2456 1
709 2440 1
1859 2440 -1
2440 2456 1
710 1944 1
1944 2363 1
710 2363 1
713 2452 1
851 2473 1
851 2452 1
717 2452 1
722 2498 1
722 851 1
2473 2498 1
722 2473 1
722 1070 1
717 722 1
717 2491 1
722 2452 1
722 2491 1
1574 2353 1
2353 2497 1
1449 2497 1
2110 2207 1
739 2353 1
739 1574 1
907 2446 1
734 739 -1
730 739 1
737 739 1
739 2497 1
739 741 1
739 2110 1
2123 2422 1
739 1449 1
2110 2123 1
727 907 1
739 2446 1
739 2240 1
727 2123 -1
727 739 1
727 2446 1
739 1869 1
727 730 1
739 907 1
739 973 1
2353 2422 1
739 2123 1
2110 2353 1
727 973 1
739 2207 1
727 2497 1
1449 2110 1
1869 2240 -1
739 2422 1
743 745 1
743 1999 1
742 743 1
746 1730 1
752 1920 1
1920 2440 1
752 1859 1
750 2440 1
1859 1920 1
750 752 1
752 2440 1
757 2105 1
757 2353 1
757 2443 1
757 1995 1
761 1504 1
759 761 1
760 761 1
762 2328 1
1955 2363 1
765 2363 1
765 1955 1
767 768 1
770 2019 1
770 2488 1
772 2494 1
772 2500 1
2494 2500 1
781 2452 1
781 1827 1
781 1098 1
781 851 1
781 782 1
781 1366 1
781 1700 1
781 2358 -1
785 2500 1
787 790 1
789 1869 1
787 791 1
1869 2288 1
787 1869 1
787 2288 1
787 903 1
792 1869 1
791 792 1
787 1866 1
790 2443 -1
787 792 1
787 2295 1
787 797 1
787 789 1
2288 2443 1
792 797 1
791 2288 1
787 2443 -1
1866 2288 1
798 799 1
800 1999 1
802 803 1
802 1899 1
802 2375 1
802 805 1
808 2195 1
808 2452 1
810 2478 1
812 819 1
814 1058 1
818 1459 1
818 819 1
816 1459 1
816 818 1
816 819 1
819 1459 1
822 823 1
822 973 1
823 973 1
823 2366 -1
2206 2407 1
825 2206 1
825 2407 1
825 2078 1
828 2207 1
828 1866 1
828 2342 1
828 2440 1
2240 2342 1
828 831 1
840 2342 1
828 1166 1
837 844 -1
828 840 1
828 843 1
1166 2342 1
828 2120 1
2207 2342 1
832 2342 1
1866 2240 1
844 2342 1
828 832 1
1166 2412 1
828 837 -1
834 844 -1
828 2412 1
828 844 1
2240 2412 -1
831 2412 1
828 841 1
834 1166 -1
2342 2412 1
2342 2440 1
844 2207 1
828 834 -1
828 2240 -1
1866 2342 1
2449 2498 1
1224 2244 1
851 2500 1
846 1224 1
2469 2494 1
1224 2007 1
2411 2443 1
846 2052 1
1643 1711 1
851 1449 1
846 1444 1
861 2500 1
2494 2496 1
1224 2219 1
846 867 1
939 2501 1
2123 2496 -1
1224 2443 1
846 1711 1
2449 2496 1
2498 2501 1
1643 2007 1
2443 2496 1
867 2449 1
846 1643 1
973 2449 1
846 848 1
867 2494 1
851 2219 1
851 2244 1
853 1449 1
846 939 1
2007 2294 1
1711 2472 1
882 2494 1
851 2494 1
1444 2500 1
846 2219 1
856 2244 1
1449 2469 1
846 869 1
846 2500 1
861 2123 1
861 1449 1
846 878 1
2052 2469 1
2123 2498 1
853 2494 1
846 856 1
2123 2469 1
846 2411 1
2496 2500 1
2052 2123 1
846 2443 1
1643 2123 1
1711 2411 1
846 861 1
870 2500 1
846 2469 1
846 882 1
846 2496 1
939 2449 1
2244 2496 1
2443 2449 1
939 2443 1
869 2500 1
1711 2443 1
1076 2123 -1
866 2500 1
2449 2500 1
2494 2501 1
2496 2501 1
846 863 1
1076 1224 -1
846 1449 1
851 861 1
861 973 1
973 2443 1
846 2123 1
856 2443 1
973 2469 1
846 2294 1
861 2501 1
870 2443 1
878 1224 1
1643 2500 1
861 2498 1
2469 2500 1
2469 2501 1
846 850 1
846 1076 -1
2052 2449 1
2469 2496 1
867 973 1
973 1224 1
846 853 1
846 851 1
2443 2498 1
846 973 1
846 2449 1
1224 2469 1
2443 2469 1
878 2500 1
846 2501 1
1076 2500 -1
869 882 1
1224 2449 1
846 2494 1
1224 2123 1
2123 2443 1
846 2472 1
867 2500 1
1643 2501 1
973 2500 1
866 1711 1
846 2007 1
846 870 1
1076 2498 -1
846 2498 1
866 2469 1
861 1076 -1
2449 2469 1
939 2500 1
1643 2496 1
1224 2500 1
846 2244 1
939 2123 1
1711 2500 1
2498 2500 -1
1076 1449 -1
853 2443 1
1224 2498 1
846 866 1
863 973 1
1224 2494 1
851 2294 1
863 2443 -1
2244 2500 1
1076 2501 -1
883 1648 1
886 1250 1
886 1247 1
890 2359 1
890 2491 1
891 892 1
2353 2448 1
1955 2462 1
895 899 1
895 2435 1
2448 2449 1
2288 2496 1
2032 2496 1
943 1446 1
895 937 1
895 909 1
2376 2448 1
931 1955 1
2491 2501 1
1635 2324 -1
909 2353 1
928 2500 1
895 2411 1
2435 2449 1
932 1574 1
939 2376 1
895 907 1
895 1711 1
895 2376 1
1885 2491 1
909 2462 1
903 2448 1
897 2376 1
895 2500 1
895 913 1
1454 2324 1
2288 2500 1
1885 2500 1
895 973 1
2288 2423 1
897 2491 1
1446 2491 1
2353 2496 1
2288 2501 1
1885 2376 1
1449 2376 1
895 906 1
2288 2353 1
895 931 1
2376 2379 1
907 2496 1
893 895 1
929 1711 1
895 912 1
907 2288 1
1955 2484 1
895 2501 1
895 1574 1
1955 2501 -1
1711 2462 1
895 1454 1
2247 2353 1
931 2376 1
912 2379 1
2379 2500 1
1076 1955 -1
939 1955 1
2324 2496 1
909 2501 1
1454 2500 1
929 2500 1
895 943 1
895 2496 1
895 2462 1
2435 2500 1
895 2288 1
973 1955 1
899 2496 1
897 909 1
2376 2462 1
2288 2449 1
895 897 1
931 2448 -1
929 1955 1
899 2449 1
895 2247 1
909 1449 1
925 2491 1
2435 2491 1
912 2500 1
2411 2484 1
907 2448 1
1454 1635 1
1955 2500 1
1076 2353 -1
895 2448 1
906 2501 -1
895 2013 1
909 2324 1
1454 2501 1
907 2449 1
895 2491 1
1574 2449 1
931 1711 1
2353 2376 1
895 2449 1
2484 2500 1
895 1446 1
2324 2411 1
895 928 1
2448 2496 1
2379 2448 -1
1955 2324 1
2435 2462 1
895 900 1
939 2353 1
2448 2500 1
2013 2376 1
899 1076 -1
1076 1635 -1
895 932 1
895 2324 1
1885 2032 1
895 2032 1
1446 2324 1
2376 2496 1
1454 2376 1
895 939 1
2376 2435 1
895 916 1
895 925 1
895 1885 1
895 919 1
1574 2462 -1
2376 2449 1
897 2500 1
1076 2324 -1
1449 1454 1
1454 2462 1
929 2501 1
1076 2423 -1
1885 2496 1
899 939 1
909 2491 1
2288 2376 1
1574 2376 1
895 2379 1
2423 2449 1
1449 2379 -1
895 903 1
895 1635 1
943 2500 1
895 2484 1
943 1076 -1
931 2013 1
912 2435 1
1885 2449 1
931 973 1
907 2376 1
895 2423 -1
895 2353 1
1076 2462 -1
2379 2449 1
895 1955 1
2435 2496 1
925 2353 1
895 933 1
895 929 1
943 2324 1
897 1711 1
929 2423 -1
1454 2496 1
1885 2448 1
1446 2376 1
1955 2448 -1
939 2324 1
2013 2496 1
931 2491 1
925 2324 1
909 1955 1
912 2496 1
2353 2484 1
895 1449 1
1449 1955 -1
897 2501 1
912 1574 1
895 1076 -1
900 2448 1
1574 2288 1
2449 2462 1
903 2496 1
1076 1454 -1
933 2353 1
944 1817 1
944 2201 1
950 953 1
947 953 1
951 953 1
949 953 1
953 2294 1
953 2056 1
955 1801 1
958 960 1
960 2153 1
956 960 1
960 2294 1
961 2270 1
966 1820 1
966 2366 1
963 966 1
1820 2366 1
967 1950 1
969 2078 1
969 2491 1
975 1920 1
973 975 1
972 975 1
976 2468 1
976 2260 1
982 983 1
980 982 1
982 1042 1
982 2075 1
987 1676 -1
1676 2276 1
987 2258 -1
987 2276 -1
988 990 1
990 2322 1
2417 2452 1
2324 2417 1
991 995 1
995 2452 1
2324 2452 1
991 2324 1
995 2417 1
995 2324 1
1004 2105 1
996 2105 1
1004 2048 1
1001 2105 -1
1004 1620 -1
996 1004 1
1003 2260 1
1004 2260 1
1001 1004 1
1004 1224 1
1003 1004 1
1006 1007 1
1007 2491 1
1006 2491 1
1013 2188 1
1008 1013 1
1009 1013 1
1013 2487 1
1012 1013 1
1013 1476 1
1015 1016 1
2004 2294 1
1020 1059 1
1018 1396 1
2004 2201 1
1018 2004 1
2132 2201 1
1018 2294 1
1020 2294 1
1020 2004 1
1018 2201 1
1018 1059 1
1018 2132 1
1018 1020 1
1020 2201 1
1018 1805 1
1018 2234 1
2201 2234 1
1028 2118 1
1029 1999 1
1031 1034 1
1031 1033 1
1031 2126 -1
1033 2126 -1
1825 1995 1
1035 1069 1
1051 1069 1
1038 1058 1
1058 1379 1
1061 1069 1
1038 1069 1
1080 1700 1
1098 1379 1
1069 2328 1
1089 1790 1
1379 2498 1
1069 1366 1
1825 2318 1
1062 2498 1
1631 2258 1
1069 1379 1
1058 1366 1
1061 1631 1
1069 2318 1
1069 1094 1
1041 1069 1
1042 1069 1
1379 2328 1
1068 2429 1
1643 2489 1
1069 1070 1
1047 1061 1
1070 1631 1
2429 2455 1
1070 2258 1
1069 1995 1
1065 1069 1
1074 2498 1
1092 2328 1
1069 1620 1
1069 2429 1
1069 1717 1
1058 1069 1
1069 1088 1
1043 1065 1
1072 2328 1
1089 2358 1
1046 1047 1
1825 2258 1
1069 1074 1
1069 1087 1
1046 1069 1
1061 2498 1
1055 1069 1
1069 1098 1
1069 2163 1
1038 1379 1
1825 2404 1
1899 2358 -1
1069 1097 -1
1049 1069 1
1068 1069 1
1379 2318 1
1038 1067 1
1070 1379 1
1069 1790 1
1069 2404 1
1062 2429 1
1059 1069 1
1379 2429 1
2004 2455 1
1069 1091 1
1069 2004 1
1069 1631 1
1069 2231 1
1069 2075 1
1069 2489 1
1047 1069 1
1062 1069 1
1080 2231 1
1069 1079 1
1069 1083 1
1092 1700 1
1043 1069 1
1069 2358 1
1069 1077 1
1067 1069 1
1069 1092 1
1643 1717 1
1069 1084 1
1069 1899 1
1366 2231 1
1825 2498 1
1069 1825 1
1069 2258 1
1069 2498 1
1047 2318 1
1379 2231 1
1379 1995 1
1379 1631 1
1069 1072 1
1038 2498 1
1631 2429 1
1069 2195 1
1069 1080 1
1076 2358 -1
1366 1620 1
1058 1825 1
2075 2358 1
1366 2318 1
1058 1076 -1
1643 2004 1
1899 2195 1
1069 1700 1
1069 1643 1
1080 2075 1
1069 2455 1
1062 2358 1
1038 1047 1
1062 1790 1
1825 2429 1
1631 1995 1
1070 2318 1
1069 1086 1
1036 1069 1
1069 1208 1
1069 1089 1
1049 2328 1
1050 1069 1
1058 1098 1
1379 1620 1
1069 1076 -1
1099 2408 1
1101 2407 1
1101 1102 1
1102 2407 1
1102 2318 1
1113 1805 1
1113 1999 1
1106 1112 1
1112 1113 1
1113 2201 1
1110 1113 1
1107 1113 1
1113 2092 1
1106 1113 1
1114 2440 1
1116 1739 1
1118 1369 1
1118 2195 1
1118 2294 1
1124 2276 1
1124 1504 1
1127 1128 1
1129 2110 1
1128 2110 1
1128 2491 1
1128 1129 1
1130 1131 1
1132 1133 1
1135 2429 1
1134 1135 1
1137 1138 1
1139 2496 1
2462 2497 1
1139 2449 1
1139 2462 1
1139 2497 1
1817 2497 1
2496 2497 1
1139 2494 1
2494 2497 1
1139 1817 1
1146 1147 1
1147 1148 1
1149 1156 1
1149 1688 1
1149 1157 1
1149 1155 1
1149 1820 1
1149 1151 1
1149 1818 1
1157 1688 1
1151 1157 1
1149 2201 1
1158 1159 1
1162 2460 1
1162 1370 1
1162 2359 1
1164 1165 1
1167 1168 -1
1166 1167 -1
1169 1170 1
1173 2353 1
1172 2353 1
1172 1173 1
1180 1805 1
1180 2234 1
1176 1180 1
1178 1180 1
1180 1182 1
1180 2294 1
1180 2337 1
1177 1180 1
1183 2501 1
1185 1186 1
1186 2294 1
1186 1188 1
1186 1192 1
1186 1700 1
1186 2429 1
1186 1427 1
1193 1196 1
1193 1194 1
1194 1196 1
1194 2313 1
1197 1825 1
1197 1366 1
1201 2491 1
1202 1665 1
2153 2175 1
1207 2175 1
1207 2153 1
1205 1207 1
1207 1208 1
1209 2123 1
1211 2407 1
1213 2407 1
1211 2491 1
1213 2491 1
1211 1213 1
1228 2153 1
1228 2462 1
1239 2452 1
1228 2324 1
1224 2328 1
1216 1866 1
1224 2324 1
1228 2399 1
1228 2244 1
1228 2258 1
1444 2324 1
1228 1561 1
1223 1228 1
2122 2449 1
1240 2500 1
1228 2449 1
1959 2399 1
1228 2122 1
1228 1244 1
1228 1238 1
1219 1240 1
1228 2452 1
2328 2500 1
1228 2318 1
2462 2469 1
1216 2469 1
1228 1959 1
1216 2399 1
1228 1242 1
1228 2328 1
1228 1239 1
2258 2469 1
1223 2324 1
2399 2500 1
1228 1406 1
1228 2469 1
1224 2452 1
1224 1228 1
1216 2500 1
1238 2462 1
2324 2469 -1
1224 2258 1
1228 2500 1
1561 2452 1
1240 2449 1
1228 1444 1
1406 2201 1
2153 2324 1
2153 2328 1
2452 2469 1
2153 2449 1
1959 2201 1
1228 1241 1
2201 2500 1
1224 2153 1
1228 1240 1
1959 2462 1
1240 2399 1
1219 1228 1
1216 1228 1
1228 2201 1
2328 2399 1
1228 1866 1
1866 2244 -1
1245 1247 1
1245 2468 -1
1245 1246 1
1245 1248 1
1255 1379 1
1379 2113 1
1250 1255 1
1255 1960 1
1255 2404 1
1255 1257 1
2113 2404 1
1255 2113 1
1250 1960 1
1250 1379 1
1255 2105 1
1260 2359 1
1260 2452 1
1265 2359 1
1265 2156 1
1265 2491 1
2156 2491 1
1265 2052 1
1265 2429 1
1268 2452 1
1270 2331 1
1272 2491 1
1274 2491 1
1277 2309 1
1276 1277 1
1291 2342 1
1291 2452 1
2342 2491 1
1379 2452 1
1291 2480 1
2429 2500 1
1379 2359 1
2113 2491 1
1291 1379 1
2342 2500 1
1291 2441 1
1291 2500 1
1291 2497 1
1291 1444 1
1291 2113 1
2113 2441 1
2429 2497 1
2497 2500 1
1291 2491 1
1291 2359 1
1291 2429 1
2342 2429 1
1291 2353 1
1292 2313 1
1294 2324 1
1294 2500 1
1298 2400 1
1899 2400 1
1298 2403 1
1654 1899 1
1654 2403 1
1298 2058 1
2058 2195 1
1298 1299 1
1298 1654 1
1817 1899 -1
1654 2404 1
1298 2404 1
1299 2404 -1
1654 2400 1
1298 2195 1
1298 1899 1
1298 1817 -1
2058 2400 1
1654 2058 1
2403 2500 1
1298 2500 1
1308 1309 1
1311 1631 1
1312 2324 1
1317 2494 1
1317 1318 1
1318 2494 1
1316 1317 1
1315 1317 1
1319 2342 1
1319 2399 1
2342 2448 -1
1319 2448 1
1324 1817 -1
1325 1817 -1
1324 1325 1
1326 2048 1
1329 2078 1
1335 2443 -1
1335 2412 -1
1335 2501 -1
1333 1335 -1
1332 1335 1
1335 2480 1
1331 1335 -1
1332 2412 1
1332 2443 -1
1338 2485 1
1338 1339 1
1341 1342 1
1343 2324 1
1343 1345 1
1343 1711 1
1343 1346 1
1343 2412 -1
1349 1711 1
1343 2126 -1
1343 2244 1
1346 2324 1
1343 1349 -1
1352 2126 -1
1355 2358 1
1355 2116 -1
1355 2404 1
2116 2404 1
1358 1498 1
1358 1360 1
1358 2175 1
1362 1363 1
1365 2358 1
1365 1366 1
1372 1373 1
1371 1372 1
1369 1371 1
1370 1372 1
1372 2234 1
1369 1372 1
1371 2195 1
1372 2195 1
1374 2052 1
1376 1377 1
1378 1379 1
1383 2500 1
1383 2353 1
1383 2443 1
2324 2429 -1
1385 2322 1
1385 2429 1
1754 2460 1
1385 2324 1
2324 2460 1
1754 2429 1
1385 1754 1
1385 2460 1
1391 2423 -1
1391 2443 -1
1396 2500 1
1397 2491 1
1393 1397 1
1399 2500 1
1393 2500 1
1393 2491 1
1393 1396 1
1393 1399 1
1393 1395 1
1401 1999 1
1401 1805 1
2467 2497 1
1406 2494 1
1415 1417 1
1417 2244 1
1407 1417 1
1417 2153 1
2244 2309 1
1417 2494 1
1417 1884 1
1408 1417 1
2309 2491 1
1884 2467 1
1884 2201 1
2309 2494 1
1417 2201 1
2288 2497 1
1417 2491 1
1417 2288 1
1406 1417 1
1416 2153 1
1417 2294 1
1417 2309 1
1417 2497 1
2288 2309 1
2244 2497 1
1416 1417 1
1884 2244 1
1406 1884 1
2201 2309 1
1884 2288 1
1417 2467 1
1421 1495 1
1423 2075 1
1423 1760 1
1426 2443 -1
1429 1430 1
1428 1429 1
1427 1428 1
1428 1430 1
1431 2423 -1
1431 2443 -1
1436 2500 1
1436 2491 1
1437 2500 1
1436 1437 1
1438 2491 1
1440 1441 1
1442 2491 1
1442 1444 1
1447 1869 1
1447 1450 1
1447 1449 1
1446 1447 1
1446 1869 1
1447 2443 -1
1446 2443 -1
1451 2491 1
1454 1455 1
1455 2491 1
1456 1461 1
1456 1458 1
1456 1460 1
1457 1458 1
1456 1459 1
1456 1457 1
1463 1464 1
1463 2491 1
1465 1467 1
1466 1467 1
1468 2462 1
1468 2429 1
1477 2050 1
1477 2371 1
2050 2440 1
1477 2440 1
1477 2123 1
1476 2123 -1
2123 2440 1
1477 1813 1
1813 2123 1
1476 1477 -1
1478 1479 1
1481 2322 1
1483 2469 1
1483 2462 1
1483 2443 1
1487 1838 1
1487 1488 1
1490 2500 1
1490 2473 1
1493 2403 1
1493 1665 1
1496 1502 1
1501 1502 1
1498 1502 1
1499 1502 1
1502 2188 1
1495 1502 1
1502 1702 1
1502 1504 1
1495 2188 1
1502 2487 1
1505 2455 1
1509 1511 1
1509 1805 1
1509 2429 1
1508 1509 1
1509 2337 1
1509 1510 1
1514 1515 1
1515 2455 1
1515 1516 1
1518 2078 1
1520 2467 1
1868 2422 -1
1523 2467 1
1523 1533 -1
1526 2219 1
1523 2412 1
1523 1868 1
1533 2404 1
1526 2195 1
1523 2422 -1
1523 2448 1
1526 2404 1
1523 2404 -1
1520 2219 1
1520 1523 1
1523 2219 1
1526 2467 1
1533 2195 1
2422 2448 1
1523 1526 -1
1523 2460 1
1526 2448 1
1522 1523 1
1526 2412 1
1523 2195 -1
1535 2201 1
1535 2294 1
1543 2294 1
1543 2201 1
1535 1543 1
1560 1563 1
1540 1555 1
1546 1563 1
1563 1782 1
1559 1563 1
1562 1563 1
1550 1563 1
1560 2078 1
1550 1555 1
1563 1805 1
1548 1805 1
1563 1715 1
1563 2078 1
1550 2201 1
1561 1563 1
1542 1550 1
1558 1563 1
2201 2432 1
1555 2132 1
1563 1635 1
1555 1563 1
1540 1563 1
2175 2201 1
1782 2201 1
1563 2175 1
1555 2432 1
1563 2132 1
1561 1635 1
1549 1563 1
1562 2201 1
1561 2078 1
1554 1563 1
1546 2201 1
1548 1563 1
1546 1555 1
1543 1563 1
1547 1549 1
1542 1872 1
1547 1563 1
1563 2201 1
1563 1872 1
1563 2432 1
1542 1563 1
1872 2201 1
1548 2201 1
1564 1565 1
1567 1568 1
1567 2328 1
1568 2328 1
1570 2498 1
1571 2052 1
1572 2052 1
1571 1572 1
1574 1575 1
1575 2399 1
1578 2349 1
1580 2491 1
1581 1582 1
1584 1585 1
1586 1588 1
1586 1587 1
1585 1586 1
1584 1586 1
1583 1586 1
1590 2403 1
1591 2201 1
1594 2491 1
1595 2078 1
2363 2424 1
1597 2363 1
1597 2424 1
1602 1605 1
1605 2500 1
1605 2498 1
1605 2441 1
1605 2459 1
1608 2448 1
1608 2383 1
2383 2488 1
1608 2488 1
1613 1618 1
1616 1618 1
1618 2412 1
1614 1618 1
1611 1613 1
1618 1872 1
1611 1618 1
1615 1618 1
2123 2412 1
1611 1614 1
1618 2123 1
1622 2412 1
1620 1622 1
1622 1623 1
1619 1622 1
1625 1628 1
1628 1744 1
1628 2331 1
1625 2331 -1
1626 1628 1
1629 1631 1
1629 2105 1
1631 2105 -1
1632 2294 1
1636 2385 1
1635 1636 1
1639 1641 1
1643 2324 1
1641 1643 1
1641 2412 1
1641 2324 1
1641 2459 1
2110 2324 1
1641 2110 1
1660 1788 1
1657 2195 1
1653 1660 1
1660 2375 1
1649 2132 1
1649 1657 1
1660 2195 1
2132 2375 1
1648 1649 1
1653 2195 1
1649 1659 1
2116 2195 1
1648 2400 1
2195 2375 1
2132 2404 1
1649 1660 1
1648 1657 1
1649 2195 1
1657 2132 1
1648 1659 1
1656 1899 1
1649 2404 1
1788 2400 1
1656 1788 1
1657 1788 1
1648 2195 1
1660 1899 1
1656 1657 1
2132 2403 1
1657 2116 1
1659 2404 -1
2132 2400 1
1649 2058 1
1899 2116 1
1656 1660 1
1657 1899 1
1649 1788 1
1659 2403 1
1660 2400 1
1660 2404 1
1660 2403 1
1649 1656 1
1649 2403 1
1654 1660 1
2116 2400 1
2375 2400 1
1746 2403 1
1653 2404 1
1649 1746 -1
2058 2132 1
1649 2400 1
1657 2058 1
1653 2058 1
2058 2116 1
1788 2132 1
1648 1660 1
1648 1654 1
1653 1788 1
1656 2195 1
1788 2195 1
1659 2375 1
1653 2132 1
1648 2132 1
1657 2375 1
2132 2195 1
2116 2132 1
1656 2404 1
1648 1653 1
1653 2375 1
1649 1654 1
1746 2404 -1
1660 2058 1
1649 1653 1
1649 2375 1
1660 2132 1
1649 2116 1
1649 1899 1
1663 1665 -1
1665 2139 1
1899 2139 1
1663 1899 1
1663 2139 1
1668 2448 1
1670 2491 1
1671 1869 1
1674 1677 1
1674 1675 1
1674 1678 1
1673 1674 1
1674 1679 1
1674 1676 1
1681 2201 1
1682 1683 1
1682 2491 1
1683 2491 1
1685 1686 1
1687 1688 1
1690 1691 1
1691 2491 1
1691 1692 1
2440 2500 1
1695 2500 1
1694 2440 1
1694 2500 1
1694 1695 1
1694 1698 1
1694 2201 1
1700 1703 1
1703 2175 1
1703 2429 1
1702 1703 1
2342 2494 1
2342 2403 1
1704 2403 -1
1704 2342 -1
1704 1730 -1
1704 2494 -1
1730 2342 1
1710 1712 1
1712 1825 1
1710 1711 1
1710 1825 1
1714 1936 1
1717 1718 1
1715 1718 1
1718 2237 1
1718 1999 1
1721 1904 1
1721 2468 1
1721 2443 -1
1724 2477 1
1726 1728 1
1726 2491 1
1728 2491 1
1733 2342 -1
1729 1733 1
1729 2342 -1
1733 2494 -1
1729 2494 -1
1730 1733 -1
1736 2123 1
1736 2497 1
1737 2491 1
1739 1740 1
1745 2440 1
1744 1745 1
1744 2440 1
1741 1745 1
1745 2456 1
1746 1747 1
1747 1899 1
1749 2404 1
1754 2390 1
1752 2358 1
1752 2390 1
1752 1753 1
1752 1754 1
1752 1756 1
1757 2352 1
1759 1760 1
1762 2299 1
1767 1770 1
1767 2476 1
1764 1767 1
1775 2443 -1
1764 2440 1
1767 2494 1
1772 2440 1
2370 2443 -1
1767 1775 1
1767 2440 1
1775 2494 1
1763 1767 1
1770 2370 1
1767 1772 1
2440 2443 1
1767 2370 1
1767 2443 -1
2370 2440 1
1767 1768 1
1767 2501 1
1788 1789 1
1782 2411 1
1782 1789 1
1777 1789 1
1789 1868 1
1777 2417 -1
1789 2417 1
1787 1788 1
1776 1778 -1
1789 2411 1
1788 2412 1
1788 2452 1
1781 1789 1
1778 1789 1
1778 2448 1
2417 2448 1
1782 2448 1
2412 2417 1
1788 1868 1
1781 2448 -1
1787 1789 1
1782 2452 1
1789 2448 1
1868 2417 1
1782 1788 1
1789 2412 1
1776 1789 -1
1788 2411 1
1789 2452 1
2411 2417 1
1790 1791 1
1791 2318 1
1793 2452 1
1796 2390 1
1796 2007 1
1796 2491 1
1800 1904 1
1801 1802 1
1804 2491 1
1805 1806 1
1806 1807 1
1811 2318 1
1811 2056 1
1811 2491 1
1811 2412 1
1813 1821 1
1813 1817 -1
1820 2324 1
1818 1821 1
1817 1821 1
1813 2324 1
1820 2491 1
1821 2383 1
1821 2491 1
2383 2416 1
1821 2416 1
2324 2416 1
1821 2324 1
1820 1821 1
1822 1823 1
1824 1827 1
1824 1826 1
1826 1827 1
1825 1826 1
1829 2324 1
1830 1831 1
1834 2460 1
1832 1834 1
1834 2494 1
1837 2491 1
1838 1839 1
1842 2491 1
1844 2491 1
1842 1844 1
1840 1842 1
1843 2491 1
1842 1843 1
1846 2322 1
1846 2412 1
1849 2491 1
1851 2107 1
1853 2491 1
1858 2126 -1
1858 2129 1
1858 2448 1
1858 2252 1
2126 2252 -1
1859 1862 1
1861 1862 1
1862 2105 1
1862 1863 1
1898 2288 1
2449 2467 1
1886 2443 1
1879 1886 1
1869 2500 1
2328 2467 1
1886 1897 1
1889 2175 1
1869 2342 1
1869 1900 1
1926 2494 1
1864 1886 1
1884 1886 1
1899 2376 1
1884 1900 1
1869 1926 1
1866 2403 -1
1898 2500 1
2118 2443 1
1899 2123 1
1868 1886 1
1886 1896 1
1900 2376 1
1926 2376 1
1886 1926 1
1872 1955 -1
1886 2500 1
1886 1900 1
1886 2494 1
1886 2455 1
2288 2328 1
1886 1955 1
2024 2500 1
1878 2024 1
1885 1886 1
1879 2342 1
1886 1898 1
1866 2123 1
1864 2500 1
2123 2403 1
1888 2342 1
1926 2449 1
2118 2500 1
1884 2403 -1
1898 2342 1
1886 2288 1
1872 2449 1
1876 1886 1
1868 2342 -1
1898 2123 1
2342 2449 1
1868 1872 1
1868 1876 1
2288 2342 1
1879 1884 1
1886 2342 1
1886 2376 1
1884 1888 1
2024 2467 1
1886 2403 -1
1902 2500 1
1874 1886 1
1886 2118 1
1884 2342 1
1898 2467 1
1884 2123 1
1926 2342 1
1872 1877 1
1872 2467 1
2024 2123 1
1868 2123 1
1900 2123 1
1879 1898 1
1888 2123 -1
2443 2467 1
1869 1899 1
2024 2288 1
1886 1889 1
1879 2288 1
1886 1902 1
1902 1955 1
1902 2443 -1
1866 1879 1
1886 2024 1
1886 2123 -1
1866 2494 1
1879 2449 1
2123 2288 1
1869 1884 1
1886 1888 1
1866 1886 1
2024 2449 1
1876 1955 -1
1888 2449 1
1869 1886 1
1872 1886 1
1886 2467 1
1886 2449 1
1900 2342 1
1866 2024 1
1884 1898 1
2024 2494 1
1877 1886 1
1884 2449 1
1872 1884 1
1878 2123 1
1868 2024 -1
1886 2175 1
1886 2450 1
1878 1886 1
2467 2500 1
1878 2443 1
1876 2443 1
1898 2376 1
1926 2328 1
1866 2376 1
1876 2467 1
2123 2342 1
2450 2494 -1
1874 2123 1
2403 2443 1
1886 1899 -1
2123 2467 1
1955 2443 1
1886 2328 1
2024 2342 1
1868 1899 -1
1872 2342 1
1884 2024 1
1903 1904 1
1903 1905 1
1906 2440 1
1909 2105 1
1909 2274 1
1911 2237 1
1913 2491 1
1915 1916 1
2276 2498 1
2276 2412 1
1917 2130 1
1917 1923 1
1917 2366 1
2130 2324 1
1944 2353 1
1926 2353 1
2130 2302 1
1917 2324 -1
1923 2500 1
1955 2412 -1
1944 1955 1
2299 2473 1
1917 2422 1
1917 1924 1
1950 2498 1
1917 1946 1
1917 1944 1
1951 2302 1
1917 2500 1
1940 2501 1
1932 2324 1
1955 2130 1
2302 2462 1
1917 2276 1
1917 1925 1
2201 2276 1
2299 2324 1
1956 2412 1
1947 2500 1
1936 1950 1
2366 2500 1
1917 2412 -1
1950 2299 1
1917 1947 1
1917 2353 1
1937 2353 1
1917 2498 1
2123 2366 1
1939 2324 -1
1917 1929 -1
1939 2123 -1
1917 1955 1
1917 1936 1
1917 2299 1
1917 2317 1
1917 1932 1
2366 2501 1
1932 2500 1
2123 2462 1
1917 1930 1
1917 1939 -1
1944 2123 1
1917 1950 1
1925 2324 1
1956 2501 1
2353 2498 1
1956 2500 1
2353 2366 1
1923 2501 1
1944 2501 1
1917 2123 1
1932 2353 1
1924 2201 1
1917 1920 1
2123 2473 1
2118 2473 1
1917 1926 1
2130 2462 1
1944 2324 1
1944 1956 1
1956 2324 1
1944 1947 1
1948 2500 1
1917 2501 1
1917 1931 1
2201 2473 1
1940 2462 1
1937 2201 1
2130 2500 1
2366 2473 1
1946 2500 1
1932 2473 1
1939 2366 -1
1923 2324 1
1940 2412 1
1936 2366 1
1917 1956 1
2123 2201 1
1950 2462 1
1917 2118 1
2123 2302 1
1917 2201 1
2422 2501 1
1917 1951 1
1917 2302 1
1951 2500 1
2422 2462 1
1950 2500 1
1946 2422 1
2324 2422 -1
2201 2501 1
1953 2353 1
1917 1940 1
1917 2462 1
1940 2500 1
1917 1948 1
1944 2500 1
1917 1937 1
1917 2473 1
1953 2473 1
1917 1953 1
1958 1960 1
1958 1959 1
1961 1962 1
1963 1964 1
1964 1965 1
1969 2472 1
1969 2416 1
1967 2472 1
1967 1969 1
1971 2363 1
1972 2359 1
1977 2443 -1
1975 1976 1
1975 2443 -1
1976 1977 1
1976 2443 -1
1981 1983 1
1981 1982 1
1979 1981 1
1981 2462 1
1978 1981 1
1985 2376 1
1988 2318 1
1988 2088 1
1988 2358 1
1988 2404 1
1991 2385 1
1993 2294 1
1995 1996 1
1997 1999 1
1997 1998 1
2003 2352 1
2003 2468 1
2003 2105 1
2105 2468 1
2000 2004 1
2000 2006 1
2000 2003 1
2004 2352 1
2003 2004 1
2003 2007 1
2006 2105 1
2003 2006 1
2009 2491 1
2446 2496 1
2013 2446 1
2446 2491 1
2014 2496 1
2014 2446 1
2014 2491 1
2013 2014 1
2015 2016 1
2017 2105 1
2020 2021 1
2019 2020 1
2020 2022 1
2129 2324 1
2033 2035 1
2033 2353 1
2033 2129 1
2025 2033 -1
2129 2496 1
2025 2324 -1
2034 2324 -1
2033 2034 -1
2129 2500 1
2023 2033 1
2032 2033 1
2024 2129 -1
2033 2496 1
2033 2500 1
2033 2376 1
2024 2324 -1
2033 2324 1
2035 2129 1
2034 2126 -1
2024 2033 1
2129 2353 1
2025 2353 1
2035 2500 1
2033 2126 1
2041 2358 1
2037 2469 -1
2037 2322 1
2041 2359 1
2037 2411 1
2041 2411 1
2037 2041 1
2037 2358 1
2037 2359 1
2037 2491 1
2037 2412 1
2037 2040 1
2047 2048 1
2051 2053 1
2110 2429 1
2050 2053 1
2052 2053 1
2053 2110 1
2051 2429 1
2053 2429 1
2057 2466 1
2056 2057 1
2059 2404 1
2058 2059 1
2061 2294 1
2061 2339 1
2064 2175 1
2066 2491 1
2071 2440 1
2072 2456 1
2068 2440 1
2068 2071 1
2068 2220 1
2071 2456 1
2220 2456 1
2068 2456 1
2220 2440 1
2068 2072 1
2080 2126 -1
2080 2088 1
2079 2080 1
2074 2080 1
2076 2080 1
2078 2080 1
2080 2082 1
2080 2258 1
2080 2083 1
2075 2080 1
2080 2358 1
2076 2358 -1
2080 2081 1
2080 2324 -1
2080 2086 1
2090 2407 1
2089 2090 1
2090 2092 1
2095 2353 1
2095 2376 1
2097 2234 1
2097 2098 1
2100 2101 1
2099 2101 1
2103 2473 1
2104 2105 1
2107 2108 1
2106 2108 1
2112 2118 1
2111 2112 1
2110 2112 1
2112 2491 1
2112 2404 1
2112 2117 1
2112 2116 -1
2112 2416 1
2112 2113 1
2119 2120 1
2125 2299 1
2299 2467 1
2122 2125 1
2125 2130 1
2122 2123 1
2125 2129 1
2121 2125 1
2123 2129 -1
2125 2126 1
2123 2125 1
2129 2501 1
2126 2501 1
2125 2467 1
2126 2467 1
2125 2501 1
2131 2500 1
2131 2132 1
2131 2134 -1
2132 2134 -1
2136 2294 1
2179 2404 1
2139 2404 1
2137 2179 1
2137 2404 1
2137 2139 1
2141 2324 1
2141 2500 1
2144 2500 1
2146 2148 1
2147 2148 1
2152 2443 1
2152 2363 1
2152 2353 1
2153 2154 1
2155 2485 1
2155 2158 1
2155 2156 1
2155 2160 1
2155 2407 1
2164 2165 1
2162 2164 1
2161 2165 1
2161 2162 1
2162 2165 1
2163 2165 1
2172 2390 1
2172 2462 1
2172 2429 1
2172 2498 1
2172 2359 1
2172 2257 1
2173 2174 1
2173 2192 1
2173 2175 1
2178 2452 1
2401 2403 -1
2183 2404 1
2183 2401 1
2179 2403 1
2179 2183 -1
2183 2403 1
2187 2189 1
2184 2189 1
2186 2189 1
2188 2189 1
2185 2189 1
2189 2191 1
2189 2190 1
2192 2193 1
2194 2195 1
2194 2404 1
2198 2491 1
2205 2294 1
2204 2205 1
2200 2294 1
2200 2205 1
2201 2205 1
2205 2337 1
2199 2205 1
2204 2294 1
2208 2209 1
2207 2209 1
2206 2209 1
2211 2318 1
2214 2491 1
2214 2215 1
2215 2491 1
2215 2385 1
2214 2385 1
2216 2491 1
2218 2219 1
2218 2220 1
2223 2225 1
2223 2294 1
2221 2223 1
2222 2223 1
2226 2404 1
2229 2412 1
2230 2231 1
2232 2233 1
2234 2235 1
2236 2237 1
2239 2491 1
2249 2324 1
2251 2317 1
2251 2342 1
2244 2251 1
2247 2251 1
2240 2251 1
2342 2462 1
2251 2358 -1
2249 2251 1
2244 2342 1
2251 2252 -1
2256 2500 1
2251 2257 1
2251 2324 -1
2251 2462 1
2250 2251 1
2251 2443 1
2251 2256 1
2251 2500 1
2251 2258 1
2246 2251 -1
2358 2443 -1
2257 2500 1
2249 2462 1
2251 2255 -1
2263 2264 1
2262 2263 1
2263 2468 1
2260 2263 1
2263 2491 1
2331 2477 1
2265 2477 1
2265 2331 1
2265 2494 -1
2269 2270 1
2272 2273 1
2272 2491 1
2274 2275 1
2275 2276 1
2277 2278 1
2279 2280 1
2285 2376 1
2285 2496 1
2363 2494 1
2285 2497 1
2281 2497 1
2285 2288 -1
2285 2363 1
2288 2363 1
2363 2376 1
2363 2412 1
2376 2497 1
2363 2496 1
2281 2363 1
2412 2496 1
2285 2412 -1
2285 2494 -1
2281 2285 -1
2290 2441 1
2292 2293 1
2292 2294 1
2292 2295 1
2293 2294 1
2297 2491 1
2297 2298 1
2298 2491 1
2297 2300 1
2297 2299 1
2303 2308 1
2303 2461 1
2303 2307 1
2301 2303 1
2303 2305 1
2302 2303 1
2303 2498 1
2309 2311 1
2311 2400 1
2313 2314 1
2313 2491 1
2314 2491 1
2317 2432 1
2316 2317 1
2316 2432 1
2319 2324 1
2318 2319 1
2323 2325 1
2319 2323 1
2448 2473 1
2319 2322 1
2319 2325 1
2319 2473 1
2319 2448 1
2326 2404 1
2337 2340 1
2339 2340 1
2340 2465 1
2339 2500 1
2353 2467 1
2340 2452 1
2340 2390 1
2340 2341 1
2452 2465 1
2339 2465 1
2340 2462 1
2337 2353 1
2331 2340 -1
2338 2340 1
2328 2340 1
2339 2353 1
2340 2500 1
2340 2467 1
2340 2353 1
2343 2345 1
2343 2344 1
2342 2343 1
2346 2416 1
2346 2348 1
2349 2350 1
2351 2353 1
2351 2357 1
2351 2352 1
2351 2468 1
2351 2355 1
2351 2354 1
2358 2361 -1
2359 2361 1
2361 2430 1
2362 2412 1
2362 2363 1
2366 2443 1
2365 2372 1
2372 2373 1
2371 2448 -1
2372 2448 1
2368 2372 1
2370 2372 1
2371 2372 -1
2366 2371 -1
2372 2443 1
2366 2372 1
2371 2443 1
2373 2448 1
2374 2375 1
2378 2379 1
2376 2378 1
2378 2491 1
2384 2498 1
2384 2393 1
2384 2394 1
2488 2498 1
2384 2390 1
2381 2384 1
2393 2443 1
2385 2488 1
2381 2448 1
2383 2384 1
2381 2498 1
2390 2448 1
2390 2473 1
2385 2391 1
2384 2385 1
2384 2392 1
2390 2443 -1
2382 2384 1
2384 2488 1
2384 2395 1
2391 2498 1
2384 2391 1
2390 2393 1
2384 2473 1
2385 2448 1
2395 2498 1
2384 2443 -1
2384 2448 1
2385 2498 1
2396 2456 1
2398 2399 1
2402 2403 1
2402 2405 -1
2401 2402 1
2400 2402 1
2402 2404 1
2406 2407 1
2408 2452 -1
2410 2412 1
2410 2452 1
2408 2411 1
2410 2411 1
2408 2410 1
2415 2500 1
2413 2415 1
2415 2416 1
2413 2500 1
2417 2418 1
2419 2491 1
2421 2422 1
2422 2423 1
2421 2423 1
2421 2424 1
2425 2440 1
2425 2427 -1
2428 2429 1
2430 2431 1
2432 2433 1
2436 2496 1
2435 2436 1
2437 2440 1
2439 2440 1
2450 2496 1
2450 2451 1
2443 2446 1
2441 2449 1
2450 2497 1
2448 2451 1
2446 2449 1
2448 2497 1
2446 2451 -1
2444 2451 1
2441 2448 1
2441 2451 -1
2441 2443 1
2451 2496 1
2451 2497 -1
2451 2491 1
2448 2450 1
2449 2451 1
2443 2451 -1
2452 2453 1
2454 2455 1
2456 2457 1
2464 2467 1
2464 2466 1
2460 2464 1
2458 2464 1
2464 2465 1
2467 2469 1
2459 2464 1
2461 2464 1
2464 2469 1
2464 2468 1
2462 2464 1
2463 2464 -1
2460 2465 1
2461 2462 1
2470 2491 1
2473 2474 1
2472 2473 1
2472 2474 1
2476 2477 1
2475 2476 1
2475 2479 1
2475 2477 1
2475 2478 1
2480 2481 1
2482 2483 1
2482 2484 1
2482 2485 1
2486 2487 1
2488 2490 1
2489 2490 1
2493 2499 1
2498 2499 1
2492 2499 1
2499 2500 1
2494 2499 1
2497 2499 1
2491 2499 1
2496 2499 1
2499 2501 -1
2495 2499 1
